Date,00:00,01:00,02:00,03:00,04:00,05:00,06:00,07:00,08:00,09:00,10:00,11:00,12:00,13:00,14:00,15:00,16:00,17:00,18:00,19:00,20:00,21:00,22:00,23:00
2017-01-23,,,,,,,,,,,,,,,4,4,2,3,1,2,2,,,
2017-01-24,,,,,,,,3,,,,,1,,,3,1,7,3,1,,,,
2017-01-25,,,,,,,,3,4,1,1,,1,2,1,1,2,6,2,2,1,,,
2017-01-26,1,,,,,,,5,3,,1,2,,,1,2,,2,3,,,,,
2017-01-27,,,,,,,,2,,1,1,3,,1,1,1,,3,2,,1,,,
2017-01-28,,,,,,,,,,,,2,,,2,,2,1,,,,,,
2017-01-29,,,,,,,,,,,2,3,,1,,1,1,2,,,,,,
2017-01-30,,,,,,,,2,3,,3,,,,,2,2,6,2,4,,,,
2017-01-31,,,,,,,,2,1,1,,1,,,,,2,5,2,,,,,
2017-02-01,,,,,,,,1,2,1,1,,,,,1,3,6,1,1,,,,
2017-02-02,,,,,,,,3,3,1,1,,,,1,1,1,7,3,,,,,
2017-02-03,,,,,,,,,2,,3,1,2,,1,1,6,,2,,,,,
2017-02-04,,,,,,,,2,1,,2,,2,2,1,1,1,1,1,,,,1,1
2017-02-05,,,,,,,,,,1,1,,1,1,2,2,1,,,,,,,
2017-02-06,,,,,,,,2,1,,1,,,,1,,,4,2,,1,,,
2017-02-07,,,,,,,,3,1,,,2,,1,1,,1,4,2,2,,1,,
2017-02-08,1,,,,,,,1,2,,,1,,1,,3,2,5,1,1,1,1,,
2017-02-09,,,,,,,,2,2,,,1,1,,2,1,2,3,2,,1,,,
2017-02-10,,,,,,,,2,2,,1,,,1,,1,,2,1,1,1,,,
2017-02-11,,,,,,,,,1,,,,,1,2,,,,1,,,,,
2017-02-12,,,,,,,,,,,,,,,1,,,,,,,,,2
2017-02-13,,,,,,,,3,1,1,,2,2,1,,2,1,3,5,,2,,,
2017-02-14,,,,,,,,2,2,1,,4,,,3,1,3,4,4,1,,,,
2017-02-15,,,,,,,,3,1,1,1,2,3,2,,2,3,2,,1,1,,,
2017-02-16,,,,,,,,4,1,1,1,1,1,,2,,3,6,,,2,,,
2017-02-17,,,,,,,,,2,1,1,3,,1,1,1,2,6,1,,2,,1,
2017-02-18,,,,,,,,,1,2,,,,1,2,1,1,1,,,1,,,
2017-02-19,,,,,,,,,,1,1,1,1,3,1,1,2,2,,,1,,,
2017-02-20,,,,,,,,1,3,,2,1,,,1,1,1,4,2,,,,,
2017-02-21,,,,,,,,3,2,3,1,,1,,1,,,2,,,,,,
2017-02-22,,,,,,,,,1,,,2,,,,,,1,,,,,,
2017-02-23,,,,,,,,,,,,,,,,,,,4,1,,,,
2017-02-24,,,,,,,,,1,,1,,,,,1,2,4,1,1,,,,
2017-02-25,,,,,,,,,1,,,,,1,,,,,1,,,,,
2017-02-26,,,,,,,,1,,,,,2,,,1,1,,,1,,1,,
2017-02-27,,,,,,,,,1,1,,,1,2,,,,2,,1,1,,,
2017-02-28,,,,,,,,,1,1,,1,1,1,,,4,1,2,,,,,
2017-03-01,,,,,,,,,2,,1,1,,1,1,,1,2,1,,1,,,
2017-03-02,,,,,,,,,2,,,,,,1,1,2,2,3,,1,,,
2017-03-03,,,,,,1,,,1,1,,,,1,,,,5,,,,,,2
2017-03-04,,,,,,,,,,4,,,1,2,,1,1,4,2,,1,,,
2017-03-05,1,,,,,,,,1,2,,,,,1,,,,,,,,,
2017-03-06,,,,,,,,4,2,,,1,,1,3,,1,2,,1,,,1,1
2017-03-07,,,,,,,,4,1,,1,,,,,,1,3,3,1,,,,
2017-03-08,,,,,,,,1,2,1,1,,2,,1,,1,4,2,1,1,,,
2017-03-09,,,,,,,,2,2,1,2,,,,,1,,6,2,2,,,,
2017-03-10,,,,,,,,2,2,,,,,,1,,1,3,,,,,1,
2017-03-11,,,,,,,,1,,1,,,,,,2,,1,,1,,,1,
2017-03-12,,1,,,,,,,1,3,1,1,1,4,,1,1,3,1,1,2,,,
2017-03-13,,,,,,,,6,1,,1,1,,,,2,3,4,3,1,,1,,
2017-03-14,,,,,,,,1,2,,1,1,,1,1,1,,2,1,4,,1,,
2017-03-15,,,,,,,,1,1,3,,1,1,1,,,3,4,3,2,,,,
2017-03-16,,,,,,,,4,1,,,,,1,2,,2,2,3,1,1,,,
2017-03-17,,,,,,,,,,,1,,,1,,1,2,,3,,,,,
2017-03-18,,,,,,,,,1,,,2,,2,,,1,,3,1,,,,
2017-03-19,,,,,,,,,,1,,,3,1,,,,,,,2,,,
2017-03-20,,,,,,,,1,2,,,,,,,,2,3,,1,,,,
2017-03-21,,,,,,,,2,1,1,,1,1,,,1,1,4,,,,,,
2017-03-22,,,,,,,,,3,1,,,3,3,,,1,3,,,,,,
2017-03-23,,,,,,,,1,1,,1,,,,,1,4,2,2,,,,,
2017-03-24,,,,,,,1,3,2,2,1,1,1,,1,1,4,2,1,2,,1,,
2017-03-25,,,,,,,,,2,,2,1,2,4,3,,4,2,2,,,,,
2017-03-26,,,,,,,,,,1,,2,,1,,5,3,,1,,1,1,,
2017-03-27,,,,,,,,2,2,1,,,,,,,1,3,4,2,2,,,
2017-03-28,,,,,,,,1,2,1,,1,1,,1,2,1,3,2,3,,,,
2017-03-29,,,,,,,1,,1,,1,1,,,2,,2,4,1,3,1,1,,
2017-03-30,,,,,,,,3,1,1,,1,,3,2,1,4,4,,1,,,,
2017-03-31,,,,,,,,1,2,1,1,,2,1,,1,3,5,4,1,2,2,,
2017-04-01,,,,,,,1,,1,1,,2,,1,,,2,1,2,,,,,
2017-04-02,,,,,,,,,,1,,1,3,1,,3,1,,,,3,,,
2017-04-03,,,,,,,1,1,3,1,,1,3,1,1,1,5,5,3,3,,,1,
2017-04-04,,,,,,,,2,3,2,,1,,4,,,5,5,2,6,,,,
2017-04-05,,,,,,,,2,2,2,1,,3,,,1,4,7,1,,2,,,
2017-04-06,,,,,,,,,1,3,,,2,2,,,3,5,2,1,,1,,
2017-04-07,,,,,,,1,1,3,1,,,2,3,,1,1,3,1,1,,,,
2017-04-08,,,,,,,1,1,1,1,2,1,1,,,5,2,,2,3,2,,,
2017-04-09,,,,,,,,,,1,,2,3,2,1,2,4,4,1,2,1,,,
2017-04-10,,,,,,,1,3,1,2,1,2,1,3,4,2,3,12,1,2,,2,,1
2017-04-11,,,,,,,,1,1,1,,,,3,2,5,2,2,1,,1,,,
2017-04-12,,,,,,,,1,1,2,,,1,1,,4,4,4,,2,1,,,
2017-04-13,,2,,,,,,2,,,1,,,1,1,,3,,2,1,1,2,,
2017-04-14,,,,,,,,,1,2,4,,2,1,,,2,1,,,,,1,
2017-04-15,,,,,,,,,2,,1,1,1,4,,1,3,3,1,2,1,,,
2017-04-16,,,,,,,,,1,2,,,,,1,,,,,1,1,,,
2017-04-17,,,,,,,,,2,,,1,1,,2,,1,1,1,,1,,,
2017-04-18,,,,,,,,4,2,1,,1,,1,,1,6,2,3,1,,1,,
2017-04-19,,,,,,,,4,1,,1,,,2,1,,1,3,,2,1,1,,
2017-04-20,,,,,,,,2,,,,,,1,3,1,2,7,2,,,,,
2017-04-21,,,,,,,,1,4,2,,1,,1,1,,2,1,4,1,,,1,
2017-04-22,,,,,,,,,2,,1,,,1,,1,2,4,3,,,,,
2017-04-23,,,,,1,,,,1,1,1,1,2,2,1,,2,,2,5,1,2,,
2017-04-24,,1,,,,,,5,4,,,1,,1,1,,2,1,3,,1,,,1
2017-04-25,,,,,,,,4,2,,,,,,,,1,6,3,,1,1,,
2017-04-26,,,,,,,,8,1,1,,1,3,,1,,3,5,1,1,,,,1
2017-04-27,,,,,,,,,2,,,1,,,,,2,3,1,1,,,,
2017-04-28,,,,,,,,4,3,,1,,1,1,,,2,1,2,5,,,,
2017-04-29,,,,,,,,,1,,1,1,1,2,,,1,2,1,1,,1,1,
2017-04-30,,,,,,,,,,2,1,2,6,5,,2,11,1,2,1,,,,
2017-05-01,,,,,,,,,1,,,1,2,3,3,3,1,,,,,,,
2017-05-02,,,,,,,1,3,2,,,,,1,1,1,4,5,4,1,,,,
2017-05-03,,,,,,,,5,1,1,1,,1,,,,3,4,2,3,1,,,
2017-05-04,,,,,,,,3,4,3,,,,,,1,2,8,3,2,,,,
2017-05-05,,,,,,,,1,3,,,,1,1,,,3,4,2,1,,,,
2017-05-06,,,,,,,,,2,,,,1,,3,,1,1,1,,1,2,,
2017-05-07,,,,,,,,,1,,,2,,,4,2,,2,,,2,,,
2017-05-08,,,,,,,,3,1,1,,2,2,1,3,3,4,3,4,2,1,1,1,
2017-05-09,,,,,,,,5,4,1,,,1,1,,,4,6,3,4,2,,,
2017-05-10,,,,,,,,2,4,,1,,1,2,,1,1,9,4,3,2,,,
2017-05-11,,,,,,,1,2,3,,,,,,2,,2,7,8,2,5,,3,
2017-05-12,,,,,,,,2,2,,1,,1,1,,,4,8,1,4,,,1,
2017-05-13,,,,,,,1,,,,3,2,,1,,1,,5,3,,1,,,
2017-05-14,,,,,,,,,2,1,1,4,1,5,3,7,,,2,1,,,1,
2017-05-15,,,,,,,,3,,1,,,,1,,,2,3,1,,,,,
2017-05-16,,,,,,,1,2,3,,,1,,1,1,,3,7,2,,,1,,
2017-05-17,,,,,,,,1,2,2,,,1,1,,,3,4,,2,,1,,
2017-05-18,,,,,,,,2,3,3,,1,,,1,1,2,12,1,1,,2,,
2017-05-19,,,,,,,,2,3,1,,2,,1,,2,2,3,1,1,3,2,,
2017-05-20,,,,,,,1,1,1,,2,2,4,,,1,2,10,,,1,1,1,
2017-05-21,,,,,,,1,1,2,1,1,1,,,,1,,,,,,1,,
2017-05-22,,,1,,,,,1,,1,1,,,,,1,2,4,7,1,1,,1,
2017-05-23,,,,,,,,5,3,1,,1,,,1,1,2,5,3,3,,1,,1
2017-05-24,,,,,,,1,1,2,1,1,,,,,2,1,4,6,3,1,1,,
2017-05-25,,,,,,,,4,1,1,1,,,1,1,1,3,10,6,3,,1,,
2017-05-26,1,,,1,,2,,3,1,1,1,,2,,3,4,1,6,,2,,,1,
2017-05-27,,,,,,,,1,1,1,,,,2,,1,,1,,2,1,,,
2017-05-28,,,,,,,,,1,,,3,,2,2,2,3,1,,1,1,,,
2017-05-29,,,,,,,,1,,1,1,,,,,,1,,1,,,,,
2017-05-30,,,,,,,,2,3,1,2,,2,3,1,2,2,6,1,1,,,,
2017-05-31,,,,,,,1,4,1,,1,2,,,,,2,2,6,3,1,2,,
2017-06-01,,,,,,,,2,2,,,1,1,,1,,3,6,5,,1,,1,1
2017-06-02,,,,,,1,,3,2,,1,,2,,1,,3,4,1,,,,,
2017-06-03,,,,,,,1,,1,1,2,1,,1,3,1,,2,,3,,,,
2017-06-04,,,,,,,,1,1,,2,,,,1,1,,5,1,,1,,,
2017-06-05,,,,,,,,2,1,,,,1,,,,1,3,1,,1,,,
2017-06-06,,,,,,,,2,,1,,,,,,1,1,1,2,2,1,1,,
2017-06-07,,,,,,,,1,1,,,,,1,,,,1,1,1,1,1,,1
2017-06-08,,,,,,,,1,2,,,1,,1,,,1,3,2,,,3,,
2017-06-09,,,,,,,,3,4,,,,1,1,2,,1,6,3,1,1,,,1
2017-06-10,,,,,,,1,1,,,,,,,1,,,1,1,,4,,,
2017-06-11,,,,,,,,,,4,,2,1,,1,2,,2,,1,2,,,
2017-06-12,,,,,,,1,2,2,,,,,1,2,1,,2,5,3,,,,
2017-06-13,,,,,,,1,2,2,,,,,,1,,,7,3,1,,,2,
2017-06-14,,,,,,,2,3,7,1,1,,1,,1,2,1,7,5,1,,1,,
2017-06-15,,,,,,,1,2,4,1,,,1,1,,,3,10,4,,2,,,
2017-06-16,,,,,,,,3,3,,3,,2,1,1,,1,4,2,1,2,,2,
2017-06-17,,,,,,,,,1,,1,2,,1,2,2,3,3,1,1,,,,
2017-06-18,,,,,,,,,2,,,3,7,,1,1,1,,1,3,4,,,
2017-06-19,,,,1,,,,1,2,,1,1,,,,,5,4,2,1,2,2,,
2017-06-20,,,,,,,,3,1,,2,,,1,,,2,9,4,,1,,,
2017-06-21,,,,,,,1,2,1,1,1,1,1,1,2,,4,5,6,2,1,1,,
2017-06-22,,,,,1,,1,1,1,,,,,,,1,3,7,3,3,,2,,
2017-06-23,,,,,,,,3,5,,2,,,1,,1,1,3,,1,,1,,2
2017-06-24,,,,,,,1,,1,1,2,1,1,1,2,,2,3,2,,,2,,
2017-06-25,,,,,,,,,1,2,,1,1,4,1,2,2,1,,2,1,,,
2017-06-26,,,,,,,,5,1,,2,,,2,,1,3,8,3,6,1,,1,
2017-06-27,,,,,,,1,,2,,,,,,,,2,5,1,,1,,1,
2017-06-28,,,,,,,,,1,,,,,,,1,1,3,1,2,,,,
2017-06-29,,,1,,,,1,2,1,1,,,,,,1,2,4,3,1,,,,
2017-06-30,,,,,,,,1,2,1,,,1,1,,1,1,3,2,2,3,1,1,
2017-07-01,,,,,,,1,,,,2,2,,2,,1,1,2,1,,,1,,
2017-07-02,,,,,,,,2,1,1,,1,3,5,1,1,1,5,,,,,,
2017-07-03,,,,,,,,2,2,,,,2,3,1,,1,5,3,2,1,,,1
2017-07-04,,,,,,,1,2,3,,,1,,3,1,,4,3,4,5,4,1,,
2017-07-05,,,,,,,1,,,1,,4,1,1,,3,1,3,5,2,1,,,
2017-07-06,,,,,,1,,,4,,,1,1,1,,,2,4,3,,,,1,1
2017-07-07,,,,,,1,1,1,4,1,1,1,,,,4,,2,2,,1,4,,
2017-07-08,,,,,,,1,1,1,,2,1,1,4,,5,,,,1,1,2,2,
2017-07-09,,,,,,,,,,2,1,1,3,2,,1,3,5,1,1,2,,2,
2017-07-10,,,,,,,1,,6,,1,,,1,2,1,1,4,4,,2,2,,1
2017-07-11,,,,,,,,2,1,,,,,1,,1,1,1,1,2,,,,
2017-07-12,,,,,,,,4,2,1,1,,2,1,3,2,1,3,4,1,2,1,1,
2017-07-13,,,,,,,,5,,,,,,,2,1,4,4,3,,3,2,,
2017-07-14,,,,,,,,2,3,2,1,,1,1,3,1,1,2,1,,4,1,1,
2017-07-15,,,,,,,,,2,,3,,,,,3,1,2,1,2,1,1,,
2017-07-16,,,,,,,,,2,1,1,4,3,3,,8,6,2,3,3,,1,,
2017-07-17,,,,,,,,3,2,,1,,,3,,2,4,2,3,4,3,2,,
2017-07-18,,,,,,,1,4,5,,,,1,1,,3,2,4,6,2,5,,,
2017-07-19,,,,,,,1,2,1,2,,1,,,2,,2,9,4,,2,1,,
2017-07-20,,,,,,,,2,3,,,,,,1,1,2,5,3,3,2,2,,
2017-07-21,,,,,,,,2,2,1,,,,1,1,4,1,2,4,,3,,,
2017-07-22,,,,,,,1,,,,,,,2,,4,5,1,2,,,1,,
2017-07-23,,,,,,,,1,,1,3,4,1,2,1,3,,1,1,1,,,,
2017-07-24,,,,,,,1,1,1,,,,,,,1,1,5,6,5,1,2,,
2017-07-25,,,,,,,1,2,2,1,1,2,1,,5,1,1,3,5,1,,,,
2017-07-26,,,,,,,,2,1,,,1,,1,4,1,1,4,1,1,2,,,
2017-07-27,,,,,,,,2,1,,2,2,,1,2,1,1,1,,1,1,,,
2017-07-28,,,,,,,1,3,3,,1,,,,2,1,2,2,,,,1,,
2017-07-29,,,,,,,2,,1,,,,1,,,1,1,4,,,2,,,
2017-07-30,,,,,,,,,1,2,1,,3,4,,1,2,2,,3,1,,,
2017-07-31,,,,,,,,1,2,,,,,,1,1,3,3,2,1,2,1,1,
2017-08-01,,,,,,,1,3,1,1,,,3,,3,3,1,6,1,,,1,,
2017-08-02,,,,,,,,,3,,1,,4,2,1,2,2,3,5,1,,,,
2017-08-03,,,,,,,3,4,1,,,1,,,,5,1,6,4,9,1,,,
2017-08-04,,,,,,,,,1,,,,1,1,2,1,1,5,,,1,1,,
2017-08-05,,,,,,,,,4,,1,2,2,1,2,2,3,3,5,1,,,,
2017-08-06,,,,,,,,,1,3,2,,2,2,1,2,4,2,,1,1,,,
2017-08-07,,,,,,,1,3,2,,,1,1,2,1,1,2,5,,2,1,,,
2017-08-08,,,,,,,1,,1,1,,,1,,,,2,3,1,,,,1,
2017-08-09,,,,,,,,,1,,,,,1,,1,5,6,3,4,1,,,
2017-08-10,,,,,,,1,2,,,2,,,,4,3,,6,1,4,1,1,,
2017-08-11,,,,1,,,,1,3,,,,,3,1,2,2,2,2,4,3,,,
2017-08-12,,,,,,,1,1,2,1,1,,4,,,3,1,2,1,2,1,,,
2017-08-13,,,,,,,,1,1,1,7,1,,,,3,,3,1,1,,,,
2017-08-14,,,,,,,2,2,2,1,,,,1,2,2,3,7,3,2,2,,,
2017-08-15,,,,,,,1,2,1,,3,,1,1,2,2,4,3,2,1,,,,
2017-08-16,,,,,,,,2,1,,,1,1,,1,1,2,10,2,2,,2,,
2017-08-17,,,,,,,,1,3,,,1,,1,,,3,3,2,,,1,,
2017-08-18,,,,,,,,1,1,,,,,,2,,3,5,1,2,1,,,
2017-08-19,,,,,,1,,,3,,2,,2,1,,3,4,1,2,1,,,,
2017-08-20,,,,,,,,,1,4,,2,1,,,2,2,7,1,,,,,
2017-08-21,,,,,,,1,,2,,2,1,1,,3,4,3,1,2,1,1,1,,
2017-08-22,,,,,,,,2,2,,1,,,1,,2,3,6,1,,1,1,,
2017-08-23,,,,,,,,1,2,,,,1,,3,,1,5,4,2,1,2,,
2017-08-24,,,,,,,,2,1,,1,,2,1,1,3,1,3,3,,1,,,
2017-08-25,,,,,,,,1,4,,,2,1,,2,2,4,2,2,2,,,,
2017-08-26,,,,,1,,,,1,,1,,,,,,1,2,,,3,1,,
2017-08-27,,,,,,,,,1,,,,2,2,2,5,2,1,2,2,,1,,
2017-08-28,,,,,,,1,,1,1,,,,6,,1,1,1,3,1,,,1,
2017-08-29,,,,,,1,,,1,,1,1,1,2,,,2,4,2,4,,,,
2017-08-30,,,,,,,,2,1,,1,1,,3,,1,2,6,1,2,1,,,
2017-08-31,,,,,,,,2,1,,1,1,2,,2,,2,2,3,,,,,
2017-09-01,,,,,,1,,3,,2,1,,2,4,,1,3,2,2,,,,,
2017-09-02,,,,,1,,,,1,1,,,2,,,2,4,1,,1,,1,,
2017-09-03,,,,,,,,3,1,,,,3,2,3,,1,4,,,,1,,
2017-09-04,,,,,,,,2,1,1,,,,,1,4,2,4,1,2,3,1,,
2017-09-05,,,,,,1,,2,2,1,,,,1,,4,3,5,2,1,,,,
2017-09-06,,,,,,1,,,2,2,,3,1,1,,,5,4,4,,1,1,,
2017-09-07,,,,,,,,1,3,1,,1,,,,,3,2,2,,1,,,
2017-09-08,,,,,,,,1,2,,1,1,3,,1,3,3,7,3,2,,,,
2017-09-09,,,,,1,,,1,2,1,1,,5,1,3,,2,2,1,,,,,
2017-09-10,,,,,,,,1,,3,4,2,,2,1,1,1,,1,,,,,
2017-09-11,,,,,,,,1,2,,,,1,,1,1,,7,6,,1,,1,
2017-09-12,,,,,,,,,4,,,1,1,,,,4,6,8,4,,,,1
2017-09-13,,,,,,,,1,5,,1,,,,,1,2,3,5,3,1,,2,
2017-09-14,,,,,,,,,4,1,1,,2,4,,2,3,2,1,,1,,,
2017-09-15,,,,1,,,,1,1,,3,,1,,,1,2,1,2,3,,,,
2017-09-16,,,,,,,,,2,1,,3,2,2,,4,1,3,2,4,,1,,
2017-09-17,,,,,,,,,2,,2,2,2,,3,1,1,2,,,,,,
2017-09-18,,,,,,,,,3,1,,,,,,,4,2,1,,,,,
2017-09-19,,,,,,,,,2,,2,2,1,,2,2,1,4,6,1,,1,,
2017-09-20,,,,,,,,3,1,1,,,4,2,,,4,5,2,1,1,,,
2017-09-21,,,,,,,,1,1,,1,,,,2,4,1,11,1,,,1,,
2017-09-22,,,,,,,,1,,1,1,,,1,,1,3,1,2,1,,,,
2017-09-23,,,,,,1,,,2,2,2,,,1,,1,3,2,1,2,,,,
2017-09-24,,,,,,,,2,1,5,,4,,3,6,4,2,3,1,1,,,,
2017-09-25,,,,,,,,2,1,,,,,1,,3,,4,7,6,,1,,
2017-09-26,,,,,,,,,2,,,1,,1,,1,3,7,3,2,,,1,
2017-09-27,,,,,,,,2,2,1,,,,,1,1,1,3,3,2,,,,
2017-09-28,,,,,,,,1,2,,,1,,,1,1,8,3,3,5,3,,1,
2017-09-29,,,,,,,,,1,,1,,,,,1,2,1,,1,1,1,,
2017-09-30,,,,,,,,,2,,3,,,,3,5,1,1,,,,,,
2017-10-01,,,,,,,,,1,1,,1,1,1,,2,5,,,3,,,,
2017-10-02,,,,,,,,1,,,,1,1,,,1,1,3,3,3,,,,
2017-10-03,,,,,,,,,2,,,1,,,1,2,,6,4,,,,1,
2017-10-04,,,,,,,,2,2,,,,,,,1,2,3,3,2,2,,,
2017-10-05,,,,,,,,2,2,,,3,1,2,1,,2,7,5,1,1,,,
2017-10-06,,,,,,,,,3,,,,,1,,,1,4,4,,,,,
2017-10-07,,,,,,,,,1,,1,,1,,,2,1,,1,,,,1,
2017-10-08,,,,,,,,,2,,,4,,3,1,,1,,2,,1,1,,
2017-10-09,,,,,,,,1,2,,,1,1,1,,1,1,3,1,1,1,,,
2017-10-10,,,,,,,,,1,,1,2,,5,,1,,5,3,1,1,2,,
2017-10-11,,,,,,,,1,3,,,,,1,,1,2,2,,,,,1,
2017-10-12,,,,,,,,,2,,1,,,1,,,7,4,1,1,2,,,
2017-10-13,,,,,,,,,4,,,1,1,2,1,,2,2,1,,,,,
2017-10-14,,1,,,,1,,,3,,,,1,,2,2,2,1,1,1,1,,,
2017-10-15,,,,,,,1,,2,,1,1,3,2,5,1,,2,,3,1,,,
2017-10-16,,,,,,,,2,4,,1,,,3,,,3,2,2,,,,,
2017-10-17,,,,,,,,,3,,,,,1,1,3,4,8,3,,,,,
2017-10-18,,,,,,,,1,4,1,,1,1,2,,2,2,3,2,5,1,,,
2017-10-19,,,,,,,,1,2,1,,,,,,1,,4,1,,,,,
2017-10-20,,,,,,,,,3,1,1,2,,1,1,,2,3,,3,,,,
2017-10-21,,,,,1,,,,2,1,,,,,1,2,2,,,,,,,
2017-10-22,,1,,,,,,,,,,1,1,,2,,1,1,,,,,,
2017-10-23,,,,,,,,2,2,,1,1,,,2,,3,3,2,1,,1,,
2017-10-24,,,,,,,1,,2,,,,1,1,,2,2,2,,2,,,,
2017-10-25,1,,,,,,,,1,4,1,1,1,1,,2,3,4,2,,1,,,
2017-10-26,,,,,,,,,2,1,,,3,2,,1,2,3,4,2,,,,
2017-10-27,1,,,,,1,,1,2,1,,4,,,,1,2,3,,,,,,
2017-10-28,,,,,,2,,,,1,1,2,,,,1,,,1,,,,,
2017-10-29,,,,,,,,1,1,,,,2,3,4,1,1,,1,,,,,
2017-10-30,,,,,,,,1,2,,,,,,1,1,2,7,1,2,,,,
2017-10-31,,,,,,,,1,2,,1,,,1,1,1,3,6,1,1,1,,,
2017-11-01,,,,,,,,2,1,,,,1,1,,,4,4,,1,,,,
2017-11-02,,,,,,,,3,1,1,,,,,1,1,2,10,2,,,1,,
2017-11-03,,,,,,,1,1,1,1,1,1,,,,1,3,2,2,1,,1,,
2017-11-04,,,,,,,1,1,1,,,1,,,,1,2,,1,1,,,,
2017-11-05,,,,,,,,,,1,1,2,,,,,2,,,,,,,
2017-11-06,,,,,,,,2,1,,,,,,,1,,7,2,,,,,
2017-11-07,,,,,,,,2,1,1,,,,,,1,2,4,1,,,,,1
2017-11-08,,,,,,,,,2,,,2,4,1,2,1,3,4,4,,,,,
2017-11-09,,,,,,,,1,,,,,1,,2,2,3,3,1,1,,,,
2017-11-10,,,,,,,,2,1,,,1,4,2,2,4,1,4,3,,,,,
2017-11-11,,,,,,,,,1,2,1,,1,,1,2,,1,,,1,,,
2017-11-12,,,,,,,,,1,,1,1,2,1,1,,,,,,,,,
2017-11-13,,,,,,,,1,2,,1,,,2,,2,4,3,,,1,,,
2017-11-14,,,,,,,,1,2,2,1,,,,1,,3,2,2,2,,,,
2017-11-15,,,,,,,,1,1,2,,1,,1,1,1,2,1,5,,,1,,
2017-11-16,,,,,,,,1,,1,,,1,,1,1,2,4,1,1,,,,
2017-11-17,,,,,,,,,1,1,,,1,,2,1,1,2,1,,,,,
2017-11-18,,,,,,,,,1,1,,2,2,,,1,,2,,,,,,
2017-11-19,,,,,,,,1,,3,,,2,2,2,,2,,1,,,,,
2017-11-20,,,,,,,,,2,,1,,1,,,1,1,6,,1,,,1,
2017-11-21,,,,,,,,2,2,1,1,1,,,,1,1,2,2,1,,,,
2017-11-22,,,,,,,,,2,,,1,,2,,1,,3,1,,2,,,
2017-11-23,,,,,,,,,2,,1,1,,,1,1,2,5,1,2,,,,
2017-11-24,,,,,,,,,,,,,,,,,,2,,,,,,
2017-11-25,,1,,,,,,,1,,1,,,,3,,,1,,,,,,
2017-11-26,,,,,,1,,,,,,,,,,,,,,,,,,
2017-11-27,,,,,,,,2,2,,,,,,,1,3,2,,,,,,
2017-11-28,,,,,,,,,,,,,,,1,,1,3,2,,,,,
2017-11-29,,,,,,,,,2,,,,1,,1,1,2,3,,,,,1,
2017-11-30,,,,,,,,,1,1,2,,1,,,1,1,1,,,,,,
2017-12-01,,,,,,,,,,,,,,,,,,,,,,,,
2017-12-02,,,,,,,,,,,,1,,,1,,,,,,,,,
2017-12-03,,,,,,,,,1,,1,,,,,,,,,,1,,,
2017-12-04,,,,,,,,,2,,1,,,,,,2,2,,,,,1,
2017-12-05,,,,,,,,,2,,1,3,,,,2,3,2,,,,,,
2017-12-06,,,,,,,,1,1,,,,,,,1,1,1,1,,1,,,
2017-12-07,,,,,,,,1,1,1,1,,,1,,,,1,,,,,,
2017-12-08,,,,,,,,,,,,,,,1,1,1,2,,,,,,
2017-12-09,1,,,,,,,,1,,,,1,,1,,,,,,,,,
2017-12-10,,,,,,,,,,,1,,,1,,,,,,,,,,
2017-12-11,,,,,1,,,,,,,,1,,1,1,1,,,,,,,
2017-12-12,,,,,,,,1,,,,,,,,,1,4,,,,,,
2017-12-13,,,,,1,,,,1,,,,,2,4,,2,1,,1,,,,
2017-12-14,,,,,,,,,,,,,,,,,1,2,,1,,,,
2017-12-15,,,,,,,,,,,,,,,2,2,,,,,,,,
2017-12-16,,,,,,,,,,,,2,,,2,1,2,2,,,1,,,
2017-12-17,,,,,,,,,,,1,,,,,1,1,,,,,,,
2017-12-18,,,,,,,,1,1,,2,2,,,,,2,,,1,,,,
2017-12-19,,,,,,,,1,1,,1,,,1,,1,3,,1,,,,,
2017-12-20,,,,,,,,1,,,,,,2,2,1,,1,1,,1,,,
2017-12-21,,,,,,,,,,,1,,,1,4,,1,2,2,,,,,
2017-12-22,,,,1,,,,,1,,1,2,,,1,2,,,,,,,,
2017-12-23,,,,,,,,,,,1,,1,1,,,,,,,,,,
2017-12-24,,,,,,,,,,1,1,,,,,1,,,,,,,,
2017-12-25,,,,,,,,,,,,,,,,2,,,,,,,,
2017-12-26,,,,,,,,,,,,,1,,,1,1,,,,1,,,
2017-12-27,,,,,,,,1,,,1,8,1,,2,,1,3,,,,,1,
2017-12-28,,,,,,,,,,1,,1,,,1,2,,,,,,,,
2017-12-29,,,,,,,,,,,,,,,,1,,,,,,,1,
2017-12-30,,,,,,,,,,1,,,,1,,,1,3,,,,,,
2017-12-31,,,,,,,,,,,,1,1,1,1,1,1,1,,,,,,
2018-01-01,,,,,,,,,,,,,,1,,,1,,,,,,,
2018-01-02,,,,,,,,,1,,,,,,1,,1,1,4,,1,,,
2018-01-03,,,,,,,,,1,,,,,,2,,,,,,,1,,
2018-01-04,,,,,,,,,1,,,1,,1,,,1,2,,,,1,,
2018-01-05,1,,,,,1,,,1,,1,,,,1,,2,,3,,,,,
2018-01-06,,,,,,,,,,,1,1,,,2,2,4,2,,,,1,,
2018-01-07,,,,,,,,,1,,2,,3,,,1,,1,1,1,,,,
2018-01-08,,,,,,,,1,2,1,1,,1,,,,1,2,2,1,,,,
2018-01-09,,,,,,,,,1,,1,,,,,,,2,1,,,1,,
2018-01-10,,,,,,,,1,2,,,1,,1,,,1,5,1,,1,2,,
2018-01-11,,,,,,,,,2,1,1,,1,,,1,1,9,3,,,,,1
2018-01-12,,,,,,,,1,1,,,1,,,1,,3,5,1,,,,,
2018-01-13,,,,,,,,,,,1,1,,,2,3,2,,,,,,,
2018-01-14,,,,,,,,,,,1,,,,2,1,,1,,,1,,,
2018-01-15,,,,,,,,1,,,,,,,,,2,1,1,,,,,
2018-01-16,,,,,,,,1,2,1,,,,,1,,,3,2,,,,,1
2018-01-17,,1,,,,,,,1,,,,1,1,,,,,2,,,,1,
2018-01-18,,,,,,,,1,1,,,,,2,1,2,1,1,,1,,,,
2018-01-19,,,,,,,,,,,,,,,,,,2,,,,,,
2018-01-20,,,,,,,,,,1,,,,1,1,1,2,,,,,,,
2018-01-21,,,,,,,,,,,,,,1,,,,,,,,,,
2018-01-22,,,,,,,,1,2,1,1,2,,,,1,1,1,2,1,,,,
2018-01-23,,,,,1,,,,2,1,2,,1,,,,4,3,,,1,,,
2018-01-24,,,,,,,,,,,,,,,,1,1,,,1,,,,
2018-01-25,,,,,1,,,,1,1,,,,,1,1,2,3,,,,,,
2018-01-26,,,,,,,,1,1,,1,,,,2,2,1,3,,,1,1,,
2018-01-27,,,,,,1,,1,1,,2,,,,,1,,2,,,,1,,
2018-01-28,,,,,,,,,,1,,,1,1,,,,1,,,,,,
2018-01-29,,,,,,,,,1,,1,,,2,,,1,2,1,1,,,,
2018-01-30,,,,,,,,1,1,,1,1,,,2,1,,2,6,,,,,
2018-01-31,,,,,,,,1,1,,,,1,,,2,,,1,,,,,
2018-02-01,,,,,,,,1,1,1,2,1,,,1,,3,,1,1,1,,,
2018-02-02,,,,,,,,1,,,,,,,1,1,1,2,1,2,,,,
2018-02-03,,,,,,,,,2,,,,1,,1,1,,,,,,,,
2018-02-04,,,,,,,,,,,,2,3,,,,,1,,,,,,
2018-02-05,,,,,1,,,,1,,1,,1,1,,1,1,4,1,,,1,,
2018-02-06,,,,,,,,,2,,,1,,1,,1,,2,1,,,,,
2018-02-07,,,,,,,,1,2,,,,,,,2,2,1,2,,,,,
2018-02-08,,,,,,,,,1,,,,,1,1,1,2,6,1,,,,1,
2018-02-09,,,,,,,,,2,,,,,1,1,,3,1,,3,,,,
2018-02-10,,,,,,,,,,,,,1,,,3,,,1,,1,,,
2018-02-11,,,,,,,,,,,,,,,,,,2,,,1,,,
2018-02-12,,,,,,,,,,,,,,,,,,4,,1,,,,
2018-02-13,,,,,,,,,2,1,,,,,,,1,2,2,1,1,,,
2018-02-14,,,,,,,1,,1,,,,,,,,,1,2,,,,,1
2018-02-15,,,,,,,,,,,2,,,1,1,1,2,2,2,,,1,,
2018-02-16,,,,,,,,,1,,2,,,1,,,2,1,1,,,,,
2018-02-17,,,,,,,,,,,1,2,,1,1,1,3,1,,,,,,
2018-02-18,,,,,,,,,,1,,1,1,,1,1,1,4,,,,,,
2018-02-19,,,,,,,,1,2,1,,,,,,,2,4,1,,,,,
2018-02-20,,,,,,,,,1,,1,,1,1,1,4,3,1,2,,1,,,
2018-02-21,,,,,,,,1,,,,1,,2,1,,2,1,3,1,1,,,
2018-02-22,,,,,,,,1,2,,1,1,,1,,,4,6,3,,,,,1
2018-02-23,,,,,,,,,2,,,,,1,2,,2,4,1,1,,,,
2018-02-24,,,,,,,,,,,2,,,,5,,,1,,1,,,,
2018-02-25,,,,,,,,,,,1,,1,1,2,2,1,1,,,,,,
2018-02-26,,,,,,,,1,,,1,,,1,,,,4,2,,1,,,
2018-02-27,,,,,,,,,1,,1,,,,1,,3,1,,,1,,,
2018-02-28,,,,,,,,,1,,,,,,,,1,1,,1,,,,
2018-03-01,,,,,,,,,1,,,,,,,,2,1,,,,,,
2018-03-02,,,,,,,,,,,,,,1,1,,,1,,,,,,
2018-03-03,,,,,,,,,1,,,1,,1,,1,,1,,,,1,,
2018-03-04,,,,,,,,,,1,,,,,,,,,,,,,,
2018-03-05,,,,,,,,,1,,1,,1,,,,1,1,1,2,1,,,
2018-03-06,,,,,,,,2,,1,,1,1,,1,,1,2,2,1,,,,
2018-03-07,,,,,,,,3,,,,,,1,1,,1,5,3,,,,,
2018-03-08,,,,,,,,,2,,,,,,1,,1,1,2,,,,,
2018-03-09,,,,,,,,,,,,,,1,,2,1,4,,,,,,
2018-03-10,,,,,,,,,,1,1,1,,,2,1,1,,,,,,,
2018-03-11,,,,,,,,,,,,,2,,1,2,,2,,,1,,,
2018-03-12,,,,,,,,,,,,,,,,,2,3,1,1,,,,
2018-03-13,,,,,,1,1,4,,1,1,,,,2,2,2,1,4,1,,,,
2018-03-14,,,,,,,,2,,1,,,,,2,2,3,5,1,,,,,
2018-03-15,,,,,,,,2,1,,,,,2,,1,,2,1,,,,,
2018-03-16,,,,,,,,1,,,,,,,,,1,1,,,,,,
2018-03-17,,,,,,,,,,,1,,,,,1,,,,,,,,
2018-03-18,,,,,,,,,,,,,,,,,,,,,,,,
2018-03-19,,,,,,,,,,,,,,,,,,2,2,,,2,,
2018-03-20,,,,,,1,,1,,1,2,,1,2,,1,1,1,1,,,,,
2018-03-21,,,,,,,,1,1,,,1,,,,,,6,2,1,,,,
2018-03-22,,,,,,,,2,,1,,,1,,,,,5,2,1,,,,
2018-03-23,,,,,,,,1,,,,,2,1,,,3,1,1,,,,,
2018-03-24,,,,,,1,,,,1,2,,,1,,,1,2,2,,,,,
2018-03-25,,,,,,,,,,,1,1,,1,,4,3,,,2,,,,
2018-03-26,,,,,,,,1,1,1,2,1,1,,1,,1,2,,1,,,,1
2018-03-27,,,,,,1,,2,,,,,1,,,1,,4,1,1,,,,
2018-03-28,,,,,,,,1,,,,,2,1,,,1,4,2,,2,,,
2018-03-29,1,,,,,,,1,1,,,5,1,,1,1,1,4,2,2,,,,
2018-03-30,,,,,,,,,,,1,1,1,,3,2,3,,,,,,,
2018-03-31,,,,,,,,,,,,,,,,2,1,,1,2,,,,
2018-04-01,,,,,,,,,,,,1,,,,,1,,,,,,,
2018-04-02,,,,,,,,,,,,,,,,,,,,3,,,,
2018-04-03,,,,,,,1,1,2,1,,,,1,1,4,,2,2,2,,,,
2018-04-04,,,,,,,,1,1,3,,,,2,1,1,,3,1,1,,,,
2018-04-05,,,,,,,,2,,1,2,,2,3,1,1,1,4,4,1,1,,1,
2018-04-06,,,,,,,,1,,2,1,,1,,,2,1,,1,,,,,
2018-04-07,,,,,,,,,,3,,2,1,,1,2,1,1,,,,,,
2018-04-08,,,,,,,,,,1,,1,2,3,2,,3,1,2,2,1,,,
2018-04-09,,,,,,,,1,1,,1,,1,,1,3,4,3,1,1,,,,
2018-04-10,,,,,,,,,,,,,,3,1,1,2,4,,,,,,1
2018-04-11,,,,,,,,1,,1,1,1,3,1,1,2,1,4,1,,,,,
2018-04-12,,,,,,,,,,1,1,,,,,2,3,1,1,1,,,,1
2018-04-13,,,,,,,,,,,,,1,1,,,,1,2,,1,,,
2018-04-14,,,,,,,,,,1,,1,1,1,2,2,,,5,,,,,
2018-04-15,,,,,,,,,,,1,1,,2,,1,3,,,,,,,
2018-04-16,,,,,,,,2,,1,,1,,,1,1,3,10,1,1,1,2,,
2018-04-17,,,,,,,,1,1,,,,,,1,,3,5,1,1,2,2,,
2018-04-18,,,,,,,,1,1,1,1,2,1,,1,,4,5,3,1,3,1,,2
2018-04-19,,1,,,,,,,1,1,,,2,3,2,3,5,5,2,,1,,,
2018-04-20,,,,,,,,2,,1,,1,,2,1,,2,4,3,2,,1,,
2018-04-21,,,,,,,,,1,1,,1,,,,1,,2,2,,,1,,
2018-04-22,1,,,,,,,,1,1,1,,,1,1,2,4,1,1,1,,,,
2018-04-23,,,,,,,,2,2,1,1,,1,,3,1,3,5,1,,1,1,,
2018-04-24,,,,,,,1,1,,,2,,,,1,2,1,4,2,1,,,,
2018-04-25,,,,,,,,3,1,,,1,2,,1,1,5,5,1,,,,,
2018-04-26,,,,,,,,,,,2,,,,,4,3,5,4,1,,,,
2018-04-27,,,,,,,,2,,1,,,,,2,2,2,1,,,,,,
2018-04-28,,,,,,,,1,,1,1,2,,,3,,1,1,,1,,,,
2018-04-29,,,,,,,,,,,1,1,4,1,3,1,1,2,,2,1,,,
2018-04-30,,,,,,,1,,2,,1,2,,,3,1,3,2,3,1,,,,
2018-05-01,,,,,,,,2,1,,2,1,1,1,2,3,2,6,3,1,,1,,
2018-05-02,,,,,,,1,1,2,,,,1,,1,,3,5,2,1,,,,
2018-05-03,,,,,,,,1,,,1,1,,1,2,,2,6,1,1,3,1,,
2018-05-04,,,,,,,,2,2,1,1,,,,1,2,6,4,4,2,,1,,
2018-05-05,,,,,,,,2,,2,2,1,,1,5,3,2,1,2,20,1,,,
2018-05-06,,,,,,,,,,,2,3,1,2,4,1,,5,2,1,2,,,
2018-05-07,1,,,,,,,,1,1,1,1,,3,6,,1,4,,,,1,,
2018-05-08,,,,,,,,1,2,,,,,1,2,2,2,5,5,,,1,,1
2018-05-09,,,,,,,,3,2,,2,6,,1,,2,5,5,3,,2,1,,
2018-05-10,,,,,,,,1,,,,,1,,1,,4,8,2,,,1,,
2018-05-11,,,,,,1,,4,2,,,,,,,1,,3,2,,,,,
2018-05-12,,,,,,,,,1,1,,,1,1,4,2,5,2,,,,,,
2018-05-13,,,,,,,,,1,,,4,2,2,7,1,2,2,,1,3,,,
2018-05-14,,,,,,,,3,1,,2,,,1,1,1,2,5,2,,1,1,1,
2018-05-15,,,,,,1,,,,2,1,1,,1,2,2,4,2,3,2,2,1,,
2018-05-16,,,,,,,,1,3,,1,1,,,,1,5,5,1,2,2,1,,
2018-05-17,,,,,,,,1,2,,1,,,,,2,3,6,,3,1,,1,
2018-05-18,,,,,,,,2,1,,,1,2,2,,1,4,2,1,3,3,1,1,
2018-05-19,2,,,,,1,,1,,,2,,,2,,2,1,,1,1,,1,,
2018-05-20,1,,,,,,,,,1,1,3,1,2,2,6,1,1,2,2,1,,1,
2018-05-21,,,,,,,,2,1,1,2,,2,1,1,1,4,2,3,2,2,2,1,
2018-05-22,1,,,,,,,3,4,,,1,,,2,4,5,7,4,1,,1,,
2018-05-23,,,,,,,,4,3,,1,1,5,1,,4,5,13,1,1,,,,
2018-05-24,,,,,,,,1,,1,1,1,1,3,,1,6,3,2,2,,,,
2018-05-25,,,,,,,,,,,,,1,,,,1,1,,,,,,
2018-05-26,,,,,,,,,1,1,3,,1,4,4,1,3,4,4,,1,,1,
2018-05-27,,,,,,,,,,2,,3,1,1,,3,,1,3,1,1,,1,
2018-05-28,,,,,,,,,,2,,,1,4,1,,3,2,,,2,,,
2018-05-29,,,,,,,2,3,,1,,1,,2,1,,3,3,3,,1,3,,
2018-05-30,,,,,,,,2,2,,,1,,1,1,2,6,6,1,1,1,,,
2018-05-31,,,,,,,1,1,2,,1,1,1,1,2,2,1,7,3,3,,1,,
2018-06-01,,,,,,,,2,2,1,,5,1,,2,4,3,4,2,2,,1,,
2018-06-02,,,,,,,,,,1,1,1,1,1,,4,1,,1,2,,1,1,
2018-06-03,,,,,,,,,,2,1,1,3,1,7,2,3,,1,1,1,,,
2018-06-04,1,,,,,1,1,3,3,,2,1,1,,1,4,1,6,3,1,2,1,,
2018-06-05,,,,,,,,2,3,,,,,,1,1,3,8,2,1,2,,,
2018-06-06,,,,,,1,,3,4,,,1,1,1,1,3,5,2,5,1,,,,
2018-06-07,,,,,,,1,,3,,,,,2,3,2,3,4,3,4,,2,,
2018-06-08,,,,,1,,,1,1,,2,2,,,1,1,1,4,3,4,,,,
2018-06-09,,,,,,,,,,1,1,,2,1,4,2,1,3,2,2,2,1,,
2018-06-10,,,,,,,,,,2,2,2,5,1,,1,1,,,,1,,,
2018-06-11,,,,,,,,2,2,1,,1,2,2,,1,3,9,4,2,1,2,,
2018-06-12,,,,,,1,1,2,3,1,,2,3,3,,3,2,5,7,3,,1,,
2018-06-13,,,,,,,,3,2,,1,3,1,,1,2,,9,1,2,5,,,
2018-06-14,2,,,,,,,3,2,2,,1,1,,1,3,3,3,2,3,,,,1
2018-06-15,4,1,,,,2,,2,1,,,,1,4,,3,2,3,2,1,1,,,
2018-06-16,,,,,,,,,2,1,1,3,2,,3,1,2,3,,,1,,,
2018-06-17,,,,,,,,,2,1,,,1,2,4,,6,,1,3,1,,,
2018-06-18,,,,,1,,,4,2,,1,,1,1,1,3,3,9,5,3,1,,1,
2018-06-19,,,,,,2,,4,4,,1,,,1,,2,3,9,5,2,2,,,
2018-06-20,,,,,1,,,,2,,,,3,1,1,,5,5,5,1,3,1,,
2018-06-21,,,,,,1,,4,2,,4,2,2,,2,2,3,3,1,,,,,1
2018-06-22,,,,,,,,,2,1,,1,,,2,1,,6,5,1,,1,,
2018-06-23,,,,,,,1,1,,1,2,,2,1,2,,4,2,1,4,4,1,,
2018-06-24,,,,,,,,,1,1,1,,2,1,1,1,1,1,3,,1,1,1,
2018-06-25,,,,,,,,3,2,,1,1,1,,,1,1,6,2,1,,2,1,
2018-06-26,,,,,,1,1,4,2,1,,2,3,1,4,6,2,5,7,2,2,1,,1
2018-06-27,,,,,,,,3,2,,,1,1,2,3,1,3,8,4,3,1,,,
2018-06-28,,,,,,1,,2,1,,1,1,2,,,3,2,2,1,2,,1,1,
2018-06-29,,,,,,,,2,1,1,1,1,3,1,,2,2,6,5,,2,2,,
2018-06-30,,,,,,,,,,,2,2,1,1,4,2,5,4,1,,1,1,1,
2018-07-01,,,,,,,,,,,1,4,3,1,4,2,4,1,,,,,1,
2018-07-02,1,,,,,,1,2,3,,1,1,,3,,1,4,4,1,4,1,,,
2018-07-03,1,,,,,1,,5,1,1,2,2,1,5,1,5,3,5,5,1,2,,,
2018-07-04,,,,,1,,,,2,1,,5,1,,2,1,6,5,4,2,2,1,,1
2018-07-05,,,,,,1,,1,2,1,1,3,1,,2,4,2,6,2,,1,1,,
2018-07-06,,,,,,,,2,3,1,,,2,,1,4,1,2,4,3,,,1,
2018-07-07,,,,,,,,,,,3,1,3,6,6,2,,2,1,2,,4,,
2018-07-08,1,,,,,,,,,,1,,7,,3,6,,1,,1,1,,,
2018-07-09,1,,,,,,1,2,3,1,3,1,,1,2,,2,6,3,,2,,,
2018-07-10,,,,,,1,,2,3,2,1,3,,1,1,2,2,4,6,2,,2,,
2018-07-11,,,,,1,,,2,4,1,2,1,,1,,1,4,3,3,2,,,,
2018-07-12,,,,,,1,,2,3,2,1,,,,,3,1,5,1,2,1,2,,
2018-07-13,,,,,,,1,2,2,,,,,,2,1,2,7,1,2,,,1,
2018-07-14,,,,,,,,,1,1,2,1,1,2,2,,2,,2,,1,2,,
2018-07-15,,,,,,,,,,,,5,1,1,5,5,2,,2,,1,1,2,
2018-07-16,,,,,,,1,2,3,,1,,1,1,1,1,3,6,3,2,,2,,
2018-07-17,,,,,,1,,3,2,,1,2,,2,1,2,1,6,4,5,2,1,2,1
2018-07-18,,,,,,,,1,2,2,9,1,,2,,,4,5,3,1,1,3,1,
2018-07-19,,,,,,1,,3,1,,2,2,4,,2,1,4,5,2,1,2,,,
2018-07-20,,,,,,,,1,,,,1,2,,,,1,5,,3,2,1,,
2018-07-21,,,,,,1,2,,,2,1,1,1,2,,2,4,2,2,2,,,1,
2018-07-22,,,,,,,,,,,2,2,3,6,1,,1,1,4,4,1,1,,1
2018-07-23,,,,,,,,3,,,1,1,,2,2,3,4,9,2,2,1,1,2,
2018-07-24,,,,,,,,4,2,,1,1,1,1,1,3,3,5,5,2,,1,,
2018-07-25,,,,,,1,,4,1,,1,,1,,3,,3,4,1,2,2,1,,
2018-07-26,,,,,,,,1,,,1,1,5,2,1,,1,7,1,1,1,,,
2018-07-27,,,,,,,,2,3,,1,,2,2,1,,2,7,3,3,1,,,
2018-07-28,,,,,,,,,,,,,,2,4,1,,1,,,,,,
2018-07-29,,,,,,,,,1,,1,,,,,2,1,4,1,,,,,
2018-07-30,,,,,,1,1,2,,,1,,,1,,,3,3,1,3,1,,,
2018-07-31,,,,,,,1,2,1,2,2,2,2,1,,4,3,4,6,2,,,,1
2018-08-01,,,,,,1,,3,,2,2,2,,,1,,4,2,,1,1,,,
2018-08-02,,,,,,,,1,2,1,,,1,1,,2,2,7,3,6,1,2,,
2018-08-03,1,,,,,,,3,,2,,,1,,3,4,2,1,4,1,1,,1,
2018-08-04,,,,,,,,,,,2,3,1,1,,2,3,2,1,1,1,2,1,
2018-08-05,,,,,,,,,,,2,1,1,3,3,2,,4,2,2,,1,,
2018-08-06,,,,,,1,,1,1,1,1,2,,3,,3,3,6,1,1,,3,,
2018-08-07,,,,,,,,4,3,1,1,2,1,4,2,2,2,6,2,4,1,,,
2018-08-08,,,,,,1,,3,1,2,2,,2,1,2,1,3,6,3,1,,,,
2018-08-09,,,,,,,,3,2,2,1,,,1,,1,2,4,2,2,1,1,,2
2018-08-10,1,,,1,,,,1,1,4,,,2,,1,1,2,1,3,1,1,,,
2018-08-11,,,,,,,,,,,1,,,1,2,,5,2,1,2,,,,
2018-08-12,,,,,,,,,1,2,1,,,1,2,3,2,,4,1,,,,
2018-08-13,,,,,,,,2,1,,1,,1,,1,,1,5,,1,,,,
2018-08-14,,,,,,,,1,4,3,1,,,1,1,1,1,8,5,3,4,,,
2018-08-15,,,,,,,1,,2,1,2,1,3,2,2,,4,5,2,1,1,,1,
2018-08-16,,,,,,,1,,,,1,,1,,,,2,8,3,2,2,,,
2018-08-17,,,1,,,,,,3,1,1,1,1,1,,2,6,4,3,2,1,1,1,
2018-08-18,1,,,,,,1,,,,2,,1,1,,3,2,2,3,,1,,,1
2018-08-19,,,,,,,,,,,,1,1,,3,1,3,1,,,,,1,
2018-08-20,,,,,,,,3,1,,,,,,4,1,3,4,,,,,1,
2018-08-21,,,,,,,,3,3,,1,,,2,2,2,3,5,6,,1,1,1,
2018-08-22,,,,,,,,2,2,,1,1,1,,,,1,4,,1,,1,2,
2018-08-23,,,,,,,,1,1,3,1,1,,1,,,2,4,,3,,,1,
2018-08-24,,,,,,,,1,,,2,,1,,,,5,,,,1,1,,
2018-08-25,,,,,,,,,,1,,,,,,1,1,2,1,,1,2,,1
2018-08-26,,,,,1,,,,,,,,,1,,,,,,,,,,
2018-08-27,,,,,,,,,,1,,,3,1,,2,2,1,1,,1,,1,
2018-08-28,,,,,,1,,1,2,1,1,,,,,,7,4,4,1,1,,1,
2018-08-29,,,,,,,,3,3,2,,,,,3,,1,6,3,5,,,1,
2018-08-30,,,,,,,,1,,1,,,,4,2,2,2,1,2,3,1,,,
2018-08-31,,,,,,,,3,1,,2,1,1,,1,,3,4,2,1,,,1,
2018-09-01,,,,,,,,,,,1,1,,,3,5,,,1,,1,1,1,
2018-09-02,,,,,,,,,1,2,,1,,1,3,,5,1,3,1,1,,,
2018-09-03,,,,,,,,1,2,,,,1,1,1,1,3,2,2,1,,,,
2018-09-04,,,,,,,,3,,,,1,,1,1,2,2,11,3,4,,,,
2018-09-05,,,,,,,1,2,4,,1,,,1,2,2,4,1,7,,,,,
2018-09-06,,,,,,,,3,2,,,,1,,1,3,1,2,3,2,,,1,
2018-09-07,,,,,,,,3,1,1,1,1,1,,1,5,,1,3,2,,,,
2018-09-08,,,,,,,,,,,2,,,,,1,2,1,1,1,,,1,
2018-09-09,,,,,,,,,1,,2,3,3,1,,1,1,,,1,,,,
2018-09-10,,,,,,,,2,3,1,,,1,,1,1,1,6,2,,,,,
2018-09-11,,,,,,,,2,2,,,1,,,2,2,5,5,4,1,,,,
2018-09-12,,,,,,,,2,3,2,,,,3,,1,2,3,2,,,,,
2018-09-13,,,,,,,,1,3,,1,2,1,,,1,2,5,2,2,1,,,
2018-09-14,,,,,,,,2,1,1,1,,1,,1,2,3,3,2,2,1,,,
2018-09-15,,,,,,,,,,,1,1,,1,1,2,2,2,1,1,,1,,
2018-09-16,,,,,,,,,,,1,1,1,2,2,1,2,1,2,1,,,,
2018-09-17,,,,,,,,2,1,,1,,,1,1,1,3,5,1,1,,1,,
2018-09-18,,,,,,,,2,2,1,1,1,,1,1,2,3,6,4,2,1,,,
2018-09-19,,,,,,,,2,2,1,1,,1,1,2,,3,4,2,1,,,,
2018-09-20,,,,,,,,1,1,1,1,,1,1,1,1,2,5,2,3,1,,,
2018-09-21,,,,,,,,2,1,1,1,,1,,1,2,3,3,3,2,1,,,
2018-09-22,,,,,,,,,,,1,1,,1,1,2,2,2,1,1,1,1,,
2018-09-23,,,,,,,,,1,1,1,1,1,1,2,1,2,1,2,1,,,,
2018-09-24,,,,,,,,2,1,,1,,1,1,1,1,2,4,1,1,,1,,
2018-09-25,,,,,,,,2,2,1,1,1,,1,1,2,3,6,4,2,1,,,
2018-09-26,,,,,,,,2,2,1,1,1,1,1,2,1,3,4,2,1,,,1,
2018-09-27,,,,,,,,1,1,1,1,,1,1,1,1,2,5,2,3,1,,,
2018-09-28,,,,,,,,2,1,1,1,,1,,1,2,3,2,3,1,1,,,
2018-09-29,,,,,,,,,,,1,1,,1,1,2,2,2,1,1,1,1,,
2018-09-30,,,,,,,,,1,1,1,1,1,1,2,1,2,1,2,1,,,,
2018-10-01,,,,,,,,,1,,,,,1,,1,1,3,2,2,,,,
2018-10-02,,,,,,,1,1,1,1,1,,1,,1,,2,6,2,2,,,,
2018-10-03,,,,,,,,1,,1,1,,1,,1,,2,4,2,3,,1,,
2018-10-04,,,,,,,,1,,,,2,1,,1,1,3,9,,2,,,,
2018-10-05,,,,,,,1,,1,,1,2,1,1,,,1,,,1,,,,
2018-10-06,,,,,,1,,,,,,1,,1,1,1,4,3,1,1,,,,
2018-10-07,,,,,,,,1,,1,1,1,,1,1,4,2,1,2,2,,,,
2018-10-08,,,,,,,,1,1,1,,,,1,,,1,6,2,1,,,,
2018-10-09,,,,,,1,,2,,1,2,,,1,1,,2,4,1,2,,,,
2018-10-10,,,,,,,,1,,,1,1,,1,1,1,1,4,,,,1,,
2018-10-11,,,,,,,,3,1,1,,,,1,1,,1,2,2,,,,,
2018-10-12,,,,,,,,2,,,,1,,1,,,1,1,3,,,,,
2018-10-13,1,,,,,1,,,,,1,,1,1,,2,,,,,,,1,
2018-10-14,,,,,,1,,,,,,,1,2,,,,,2,,,,,
2018-10-15,,,,,,,,1,1,,,,2,1,2,1,2,4,2,,1,,,
2018-10-16,,,,,,,,,3,,,1,3,,1,2,2,5,2,1,,2,,
2018-10-17,,,,,,,,1,2,1,,1,,,,3,1,4,3,,1,1,,
2018-10-18,,,,,,,,1,3,,1,,,,2,2,,3,,4,,2,,
2018-10-19,,,,,,,,1,,1,,,1,3,1,1,,1,2,2,,,1,
2018-10-20,,,,,,1,,,,1,,1,2,1,1,2,,1,1,,2,,,
2018-10-21,,,,,,,,,,2,,1,1,2,4,4,,1,,,1,,,
2018-10-22,,,,1,,,1,3,1,2,,,1,1,,,1,2,1,2,,,,
2018-10-23,,,,,,,,,2,,1,1,,,1,,1,4,3,,1,,,
2018-10-24,,,,,,,,2,,,1,,,1,,,1,5,1,,,1,,
2018-10-25,,,,,,,,3,2,,,,,1,1,,1,,4,,,,1,
2018-10-26,,,,,,1,,,1,1,,2,,,,,1,1,1,,,,,1
2018-10-27,,,,,,,,,1,,3,,,,1,1,1,,2,,,,,
2018-10-28,,,,,,,,,,,1,,2,2,1,,,1,,,,,1,
2018-10-29,,,,,,,,1,1,1,,,1,,1,,,2,2,,,,,
2018-10-30,,,,,,,,1,,,,,,,,1,1,3,2,1,,,1,
2018-10-31,,,,,,,,1,1,1,,,,3,,1,1,2,3,,,1,,
2018-11-01,,,,,,,,1,,,,,1,,1,2,,1,2,2,,,,
2018-11-02,,,,,,,,2,1,,,,,3,,1,,,4,1,,,,
2018-11-03,,,,,,1,,,,1,1,1,2,1,,,1,,,,,,,
2018-11-04,,,,,,,,,,4,,1,1,1,,,1,1,,,,1,,
2018-11-05,,,,,,,,1,1,1,1,,1,,1,2,,,3,,,,,
2018-11-06,,,,,,,,3,1,,,1,,,1,1,1,2,3,2,1,,,
2018-11-07,,,,,,,,2,1,,1,,,,,1,3,1,1,,,,,
2018-11-08,,,,,,,,1,2,,,1,1,,1,3,1,3,1,2,,,,
2018-11-09,,,,,,,,1,3,,1,,,1,,1,2,,,,,,,
2018-11-10,,,,,,1,,,,,1,,,,,1,,,,1,,,,
2018-11-11,,,,,,,,,,,1,,3,3,5,1,,1,1,,,,,
2018-11-12,,,,,,,,2,3,1,,,1,,,,,1,2,1,,,,
2018-11-13,,,,,,,,1,1,,,,1,,,1,,1,,,1,,,
2018-11-14,,,,,,,,3,1,2,,,,1,,1,4,1,,1,3,,,
2018-11-15,,,,,,,,4,2,,,1,,1,2,,2,2,,,,,,
2018-11-16,,,,,,,,3,1,,,,,,,,,1,2,,,,,
2018-11-17,,,,,,1,,,,,1,2,1,,,,,1,1,1,,,,
2018-11-18,,,,,,,,,,,,1,2,1,1,1,1,,1,1,,,,
2018-11-19,,,,,,,,2,1,,,1,,,1,,,2,1,,,1,,
2018-11-20,,,,,,,,2,,1,,1,,,,,1,1,,1,,1,,
2018-11-21,,,,,,,,2,,,,1,,1,,1,1,3,2,,,,,
2018-11-22,,,,,,,,1,2,,,,1,1,,,1,2,,,,,,
2018-11-23,,,,,,,,1,1,1,,2,,,,1,2,2,1,,1,,,
2018-11-24,,,,,,1,,,,1,2,1,,,2,1,1,1,1,,,,1,
2018-11-25,,,,,,,,,,,4,1,3,2,1,,,,,,,,,
2018-11-26,,,,,,,,2,1,,,,,,,,1,2,2,1,1,,,
2018-11-27,,,,,,,,1,,,,,1,,,,1,1,,,1,1,1,
2018-11-28,,,,,,,,2,,,1,,,,,,,1,,,,,,
2018-11-29,,,,,,,,1,,,1,1,1,,,2,,1,3,,,,,
2018-11-30,1,,,,,,,1,1,,,1,,1,,,,,,1,,,,
2018-12-01,,,,,,,,,,1,1,10,,,,,1,,,,,,,
2018-12-02,,,,,,,,,,,,,2,,,,,1,1,,,,,
2018-12-03,,,,,,,,,2,1,1,2,,,,1,1,5,1,1,,1,,
2018-12-04,,,,,,,,,2,2,,1,,,,,1,1,,,,,,
2018-12-05,,,,,,,,1,,,,,,,,1,1,2,,,,,,
2018-12-06,,,,,,,,1,,1,,,1,2,,,1,3,1,1,,,,
2018-12-07,1,,,,,,,1,,,,,,,,2,,,,1,,,,
2018-12-08,,,,,,1,,,,,1,,,,1,,1,,,,,,,
2018-12-09,,,,,,,,,,,5,1,3,,,2,1,,1,,,,,
2018-12-10,,,,,,,,1,,,,,,,,1,,,1,,,,,
2018-12-11,,,,,,,,1,,3,,1,,,,1,,4,1,1,,,,
2018-12-12,,,,,,,,1,1,,,1,,,,2,1,1,1,1,,,,
2018-12-13,,,,,,,,2,,,2,2,,,1,1,1,3,,1,,,,
2018-12-14,,,,,,,,,,,,1,,,,1,2,2,1,,,,,
2018-12-15,,,,,,,,,,,1,,,,,,1,,,,,,,
2018-12-16,,,,,,,,,,,,,1,,3,,2,,,,,,1,
2018-12-17,,,,,,,,2,,,,,,,1,2,,1,1,,,,,
2018-12-18,,,,,,,,1,1,,,,1,1,,,1,2,,,,,,
2018-12-19,,,,,,,,1,1,,,,,,,,,4,1,,,1,,
2018-12-20,,,,,,,,,1,,,,,,,1,1,,1,1,,,,
2018-12-21,,,,,,,,1,,,,,3,,,3,,1,,,,,,
2018-12-22,,,,,,,,,1,1,,2,,,1,1,1,,,,,,,
2018-12-23,,,,,,,,,,,1,,,1,,,,3,,,,,,
2018-12-24,,,,,,,,,,,2,,,,,,,,,,,,,
2018-12-25,,,,,,,,,,,1,,,,1,,,1,,,,,,
2018-12-26,,,,,,,,,,,,,1,2,,,2,,2,,,,,
2018-12-27,,,,,,,,1,,1,1,1,,2,1,,,2,1,,,,,
2018-12-28,,,,,,,,1,1,,,,1,,,2,,,3,,,,,
2018-12-29,,,,,,,,,,,1,,1,1,,1,,4,2,,2,,,
2018-12-30,,,,,,,,,,,,1,,1,,1,,,,,,,,
2018-12-31,1,,,,,,1,3,,,,3,,1,1,,1,1,2,,,,,
2019-01-01,,,,,,,,,1,,,1,2,1,,,,,1,,,,,
2019-01-02,,,,,,,,1,2,,,1,1,,,,,4,1,,,,,
2019-01-03,,,,,,,,1,3,,,4,1,1,,1,,2,2,1,1,,,
2019-01-04,,,,,,,,2,,1,,,,,1,,1,,1,,,,1,
2019-01-05,,,,,,,,,1,,1,,,1,1,,1,1,,2,1,,,
2019-01-06,,,,,,,,,,5,,,1,,13,,1,,,,,,,
2019-01-07,,,,,,,,3,2,,,,1,,,,,,1,,,,1,
2019-01-08,,,,,,,,1,1,,,1,1,,,,1,2,2,1,,,,
2019-01-09,,,,,,1,,1,2,,,,2,,,,,1,1,,1,,,
2019-01-10,,,,,,,,2,2,,,,1,1,,,,,,,,1,,
2019-01-11,,,,,,,1,,1,,,,,,,,1,1,4,,,,,
2019-01-12,,,,,,1,,,1,1,2,1,,,,1,,,,,,,,
2019-01-13,,,,,,,,,,1,1,,,1,,,,,,1,,,,
2019-01-14,,,,,,,,2,2,1,1,,,,1,2,,,4,1,,,,
2019-01-15,,,,,,,,1,3,,2,1,,,,1,,3,1,1,1,,,
2019-01-16,,,,,,,,2,1,,,,,,,1,2,1,2,,,,,
2019-01-17,,,,,,,,,,,1,,,,2,,1,1,,,,,,
2019-01-18,,,,,,,,1,1,,,,,,,,,1,,,,,,
2019-01-19,,,,,,,,,,,,,3,,,,,,,,,,,1
2019-01-20,,,,,,,,,,,,,,,,2,,,,,,,,
2019-01-21,,,,,,,,2,1,,,1,,,,,,1,1,,1,1,,
2019-01-22,,,,,,,,,,,1,1,,,,,2,1,2,,,,,
2019-01-23,,,,,,,,1,2,,,,,,,,1,1,1,1,,,,
2019-01-24,,,,,,,,,4,2,,1,,,,,,2,2,,,,,
2019-01-25,,,,,,1,,1,1,,2,,,2,1,,1,1,2,,,,,
2019-01-26,,,,,,,,,,2,2,1,1,,,,,,,,,,,
2019-01-27,,,,,,,,,,,1,,,2,1,1,1,1,1,,,,,
2019-01-28,,,,,,,,1,2,,,1,,1,,3,1,2,1,1,,,,
2019-01-29,,,,,,,,,,1,1,,,,,,,1,,,,,,
2019-01-30,,,,,,,,1,1,1,,1,,,,1,,,2,,,,,
2019-01-31,,,,,,,,,1,1,2,1,2,,,,,2,1,1,,,,
2019-02-01,,,,,1,,,,,,,,,1,1,,1,,,,,,,
2019-02-02,,,,,,,,1,,,,2,,,1,,1,,,,,,,
2019-02-03,,,,,,,,,,,,2,,,,,,,,,,,,
2019-02-04,,,,,,,,1,1,,,1,,,2,,1,1,3,,,,,
2019-02-05,,,,,,,,,1,,1,1,,,1,,,1,,1,,,,
2019-02-06,,,,,,,,1,2,,,1,,,,,,2,7,1,,,,
2019-02-07,,,,,,,,2,,,,,4,,1,,,2,,,,,,
2019-02-08,,,,,,,,2,1,,,,,3,1,1,1,1,1,,,,,
2019-02-09,,,,,,,,,,1,,1,,,1,,,,,1,,1,,
2019-02-10,,,,,,,,,,1,,,1,4,1,2,,,1,,,,,
2019-02-11,,,,,1,,,1,,,2,,,,,1,1,6,5,,,,,
2019-02-12,,,,,,1,,2,1,1,,1,,,,1,1,4,3,,,,,
2019-02-13,,,,,,,,3,2,1,,1,,,,,,4,3,1,,,,
2019-02-14,,,,,,,,2,1,,,,1,,2,,1,,1,,,,,
2019-02-15,,,,,,,,1,2,,,,,,,,1,3,1,,,,,
2019-02-16,,,,,,,,,1,,1,,,2,,1,,1,,1,,,,
2019-02-17,,,,,,,,,,2,1,2,2,5,1,1,,1,,,,,,
2019-02-18,,,,,,,,2,1,,,,1,1,,,1,4,1,,,,1,
2019-02-19,,,,,,,,1,,1,,,,,1,,,2,3,1,,,,
2019-02-20,,,,,,,,2,1,,,,,1,2,,1,2,1,,,2,,
2019-02-21,,,,,,,,1,,,,,1,2,,,,3,,,1,,,
2019-02-22,,,,,,,,1,,,1,,,2,,2,1,,2,,,2,,
2019-02-23,,,,,,,,,,1,1,1,,1,2,,,1,1,,,,,
2019-02-24,,,,,,,,,2,1,,2,4,1,2,2,2,,1,,,,,1
2019-02-25,,,,,,,,2,,1,1,,1,,1,2,1,5,3,1,,,,
2019-02-26,,,,,,1,,,,,,,,2,3,1,,6,1,1,1,1,,
2019-02-27,,,,,,,,2,1,1,,,2,1,2,1,2,4,,1,,1,,
2019-02-28,1,,,,,,,2,,,,,,,1,,1,3,2,,,,,
2019-03-01,,,,,,,,3,,,1,,1,,,1,1,,1,,1,,,
2019-03-02,,,,,,,,,,2,1,,,,2,1,,5,,,,,,1
2019-03-03,,,,,,,,,,,,,,2,,,,1,1,,,1,,
2019-03-04,,,,,,,,3,,1,,1,,,2,,2,1,4,,,,,
2019-03-05,,,,,,,,3,1,,,2,,,1,,4,2,,2,,,,
2019-03-06,,,,,,,,1,,,,,1,,,1,,,2,,,,,
2019-03-07,,,,,,,1,3,,2,,,,,1,,1,1,1,1,,,,
2019-03-08,,,,,,,,3,,,,,,5,2,1,2,1,,,,,,
2019-03-09,,,,,,,,,,,,2,2,,,1,,,1,,,,,
2019-03-10,,,,,,,,,,,,,,,,,1,,1,,,1,,
2019-03-11,,,,,,,,1,1,,,,1,,2,2,,1,1,1,,1,,
2019-03-12,,,,,,,1,1,,1,,,,,,1,3,,1,,,,,
2019-03-13,,,,,,,,3,,1,,,,1,,,,,1,,,,,
2019-03-14,,,,,,,,2,,,1,,1,,,2,,1,,,,,,
2019-03-15,,,,,,,,,,,,,,2,,,1,1,,1,1,1,,
2019-03-16,,,,,,,,,,,1,,,,,,,,,,1,1,,
2019-03-17,,,,,,,,,,2,,1,,,,4,2,1,1,1,,,,
2019-03-18,,,,,,,,1,,,,,,,,1,1,1,1,1,,,,
2019-03-19,,,,,,,,2,1,,,,,1,,,1,4,2,1,,,,
2019-03-20,,,,,,,,1,,1,,,1,1,1,1,,3,2,1,1,,1,
2019-03-21,,1,,1,,,,2,2,1,,,,,,,,2,2,,1,,,
2019-03-22,,,,,,,,1,,,1,1,,,,,2,2,,,,,,
2019-03-23,,,,,,,1,,1,2,,,,,1,3,,2,,1,1,,,
2019-03-24,,,,,,,,1,,1,2,,,3,1,1,,1,1,,,,,
2019-03-25,,,,,,,,2,,,,2,,1,1,1,1,8,,1,,,,
2019-03-26,,,,,,,,1,1,,2,,,,,,1,3,1,2,,,,
2019-03-27,,,,,,,,3,1,,,,1,,,2,1,3,2,,,,,
2019-03-28,,,,,,,,4,,1,1,,1,,,2,1,2,,,,,,
2019-03-29,,1,,,,,,,4,,,1,1,1,,1,3,7,1,1,,1,,
2019-03-30,,,,,,,,,1,,1,1,2,1,1,2,1,1,2,2,,,,
2019-03-31,,,,,,,,,,,,1,4,3,1,2,1,,,,,,,
2019-04-01,,,,,,,,,1,,,,,3,1,,1,2,2,1,,,,
2019-04-02,1,,,,,,,1,1,,,1,,,,1,1,2,2,3,,,,
2019-04-03,,,,,,,,,1,,,,,,,1,1,2,1,1,,,,
2019-04-04,,,,,,,,1,1,,,,,,1,1,1,1,2,,1,,,
2019-04-05,,,,,,,1,,2,,,2,,,,2,3,2,1,1,,1,,
2019-04-06,,,,,,1,,,1,,4,3,,,1,,2,,2,1,2,,,
2019-04-07,,,,,,,,,,1,,,,1,,,1,1,1,1,,,,
2019-04-08,,,,,,,,1,2,2,,,,,,,2,4,1,1,,,1,
2019-04-09,,,,,,,,1,1,,,,,1,,1,3,5,2,2,,,,
2019-04-10,,,,,,,,2,1,,,,,,,,2,5,2,1,,,,
2019-04-11,,,,,,,1,1,,,,1,2,,1,,2,2,3,3,1,,,
2019-04-12,,,,,,,,1,,1,,,,,1,,2,1,1,,1,,,
2019-04-13,,,,,,,,,,,1,,2,1,1,2,5,5,,3,,,,
2019-04-14,,,,,,,,,,,1,,,1,,2,1,,,,1,1,,
2019-04-15,,,,,,,,1,1,,,,,,,,1,1,1,,2,,,
2019-04-16,,,,,,,,,,,,1,1,,,,3,2,2,1,,,,
2019-04-17,,,,,,,,1,1,1,,4,,1,1,,1,5,1,,,,,
2019-04-18,,,,,,,1,2,,,,1,1,3,,1,1,2,2,1,2,,,
2019-04-19,,,,,,,,,1,2,,1,,,1,,1,1,2,6,2,,1,
2019-04-20,,,,,,1,,,1,1,1,1,1,1,1,,,2,,3,,,,
2019-04-21,,,,,,,,,,,1,1,,,1,2,4,,1,1,,,,
2019-04-22,,,,,,,,,2,2,2,3,4,1,1,1,2,2,3,3,,,,
2019-04-23,,,,,,,,1,3,,,1,1,,2,,,4,3,,1,,,
2019-04-24,,,,,,,,1,1,,,1,1,,1,1,1,4,,1,,2,,
2019-04-25,,,,,,,,4,2,1,1,1,1,,,,2,2,,,1,,,
2019-04-26,,,,,,1,,1,2,1,1,,,,,,,2,3,,,,,
2019-04-27,,,,,,,,,,2,2,,,1,,,2,1,,,,,,
2019-04-28,,,,,,,,,1,1,2,3,,1,1,4,2,,1,,1,,,
2019-04-29,,,,,,,,2,1,1,,1,3,1,,2,3,2,2,,,,,
2019-04-30,,,,,,,,3,1,,1,,,,2,2,,1,1,,1,,,
2019-05-01,,,,,,,,1,2,,,,,,,,,7,3,2,1,1,1,
2019-05-02,,,,,,,1,,,1,,,,,,,1,1,1,,,,,
2019-05-03,,,,,,,,,2,,,,,1,,4,1,,,,1,1,,
2019-05-04,,,,,,,,1,,1,1,,1,,1,2,,1,3,1,1,,,
2019-05-05,,,,,,,,1,,1,1,3,2,1,3,2,,1,2,1,,,,
2019-05-06,,,,,,,,2,3,1,2,1,,,1,1,,,,,1,,,
2019-05-07,,,,,1,,,2,1,,2,1,,,,,2,2,,,1,1,1,
2019-05-08,,,,,,,,1,1,,,,,,,,,,,,,1,,
2019-05-09,,,,,,,,3,1,1,,,1,,,,1,,1,,,,,1
2019-05-10,,,,,,,,2,2,,1,,,,,,2,2,1,1,,1,,
2019-05-11,,,,,,,,,1,1,1,,1,,,2,1,2,,,1,,,
2019-05-12,,,,,,,,1,2,2,,1,2,,1,2,2,3,2,2,,,,
2019-05-13,,,,,,,,1,2,,1,,,1,2,,3,2,3,1,1,2,,
2019-05-14,,,,,,1,,1,,,,,,,4,1,1,5,6,,1,2,,
2019-05-15,,,,,,,,2,2,,,1,,,,1,1,1,1,2,,1,,
2019-05-16,,,,,,,,1,,,1,,,1,,,2,2,1,1,,,,
2019-05-17,,,,,,1,,2,,2,,,1,,1,,2,2,2,,,1,1,
2019-05-18,,,,,,,,,1,,1,,1,2,1,,,4,,1,,,,
2019-05-19,,,,,,,,,1,,3,,5,1,,1,1,4,1,5,,1,1,
2019-05-20,,,,,,1,,1,1,,,1,,,,1,2,,3,,,1,,
2019-05-21,,,,,,,,3,,,,,,,,,1,5,5,1,,1,,
2019-05-22,,,,,,,,2,2,2,,9,4,2,,,,6,4,,1,,,
2019-05-23,,,,,,,1,3,1,,2,,,,,,1,2,,2,3,1,,
2019-05-24,,,,,,,1,2,1,,,1,,1,,1,,3,3,,2,,,
2019-05-25,,1,,,,,,1,1,,,,1,3,4,1,,3,,1,,,2,
2019-05-26,,,,,,1,,,,2,,,,,,,,5,2,1,,,,
2019-05-27,,,,,,,,,,1,,1,,1,,,,1,2,1,1,,,
2019-05-28,,,,,,,,1,1,1,,,,4,3,,,3,1,1,,,,
2019-05-29,,,,,,,,,,1,,,3,1,2,1,2,,,,,,,1
2019-05-30,,,,,,,,2,,,,1,,1,4,1,2,1,1,,1,1,,
2019-05-31,,,,,,,,3,,1,,1,,3,,,,4,4,2,3,1,,1
2019-06-01,1,,,,,,,1,,,,2,,1,,2,3,2,,1,1,,,
2019-06-02,,,,,,,,,2,1,1,1,1,,,2,2,,1,1,,,,
2019-06-03,,,,,,,,,1,2,,2,,,3,1,,4,4,4,2,1,,1
2019-06-04,,1,,,,,1,3,,,,2,,,,,1,1,1,,,,,
2019-06-05,,,,,,,,1,,1,,1,,2,2,,1,4,2,3,,1,,
2019-06-06,1,,,,,,,2,1,1,,,1,,1,,,3,3,2,,1,,
2019-06-07,1,1,,,,,,1,1,,2,2,1,1,,1,,2,1,,,,,
2019-06-08,,,,,,,,1,,,1,1,,,,,,1,1,,1,,,
2019-06-09,,,,,,1,,,2,2,,2,,1,4,,2,,2,1,1,,,1
2019-06-10,,,,1,,,,,,,,1,1,,2,4,2,,3,1,,,,
2019-06-11,,,,,,,,1,1,1,,,,,,,1,2,,,,,,1
2019-06-12,,,,,,,,1,1,,,,,,,1,,2,1,,,,1,
2019-06-13,,,,,,,,1,,,,,,,,,,3,,,,,,1
2019-06-14,,,,,,,1,3,1,,,,,,1,1,2,1,,1,,,,
2019-06-15,,,,,,,,,2,,4,,,1,1,1,,,,1,,,1,
2019-06-16,,,,,,,,,,,1,1,3,,4,,1,1,,,,,,1
2019-06-17,,,,,,,,,,,,1,,,,2,,2,3,2,2,,,
2019-06-18,,,,,,,,,2,,,,,1,,,,4,2,1,,1,,
2019-06-19,,,,,,,,,3,,,,1,1,,,,4,1,3,,1,1,
2019-06-20,,,,,,,,2,2,,,2,2,,,,1,5,5,7,1,,,
2019-06-21,,,1,,,,,1,1,,,,1,,,1,,2,2,1,1,3,,
2019-06-22,,,,,,,,,,,1,2,,,3,,,3,2,3,,,,1
2019-06-23,,,,,,,,1,1,3,2,1,1,,1,1,3,,1,1,,,,
2019-06-24,,,,,,,,1,4,1,,2,2,,1,1,1,5,3,1,4,,,1
2019-06-25,1,,,,1,,,2,2,1,,,,,,1,1,2,1,,,,,
2019-06-26,,,,,1,,,1,1,2,,,,,2,,,8,2,,,,,
2019-06-27,,,,,,,,2,3,,,,,2,1,2,2,2,2,4,1,,,
2019-06-28,,,,,,,,1,2,,,3,3,3,,1,3,3,4,3,1,,,
2019-06-29,,,,,,1,1,1,,1,1,2,,1,4,3,1,,1,1,,,,
2019-06-30,,,,,,,,,1,1,,1,1,2,2,2,,,,,1,1,,
2019-07-01,,1,,,,,,,1,1,,,1,,,3,3,,1,2,,,1,
2019-07-02,,,,,,,,3,1,,1,,2,,,2,1,2,1,5,1,,,
2019-07-03,,,1,,1,,,1,2,2,1,2,3,,1,,1,5,3,1,1,,,
2019-07-04,,,,,,,,1,3,,2,1,,,,,1,3,1,1,3,,3,
2019-07-05,,,,,,,,2,,1,,1,3,,1,2,,2,3,1,2,1,,1
2019-07-06,,,,,,,,,,1,3,,4,,4,1,2,1,2,1,6,1,,
2019-07-07,,,,,,,,2,2,1,1,,2,2,2,3,,1,3,,1,,1,1
2019-07-08,,,,,,1,,,2,2,1,1,,,,3,2,2,3,2,,2,,1
2019-07-09,,,,,,,,2,1,5,,2,,1,,1,1,2,1,2,1,,,
2019-07-10,,,,,,1,,2,1,1,3,1,1,,4,1,1,4,,6,1,,,
2019-07-11,,,,,,,1,,1,2,1,1,2,,,,1,3,4,2,3,,,1
2019-07-12,,,,,,,,2,3,,1,2,1,1,4,1,2,5,4,3,1,,,
2019-07-13,,,,,,,,1,1,,1,1,4,1,1,1,2,1,,1,2,2,1,
2019-07-14,,,,,,,,2,2,1,3,,2,2,1,,1,1,,1,,,,1
2019-07-15,,,,,,1,,1,,,2,1,4,1,,,4,2,2,1,3,,,
2019-07-16,,,,,,2,,3,,2,1,,1,,,4,1,6,2,2,2,,,
2019-07-17,,,,,,,,2,3,2,,2,1,,1,1,2,5,3,,,,,
2019-07-18,1,,,,,,1,2,1,2,,1,,1,,,,4,1,4,3,,,
2019-07-19,1,,,,,,,1,,,,1,,1,,1,2,1,1,1,,1,,
2019-07-20,,,,,,1,,,,,3,1,,4,3,2,4,2,1,2,2,,,
2019-07-21,,1,,,,,,1,4,,,2,3,2,2,1,1,1,4,1,,1,,
2019-07-22,,,,,,,,,,,,,1,1,,6,3,6,4,4,,4,2,
2019-07-23,,,,,,,,2,2,1,3,,,,1,2,2,2,4,2,2,1,1,
2019-07-24,,,,,,,1,3,4,3,1,1,2,1,1,1,2,3,6,2,2,,3,
2019-07-25,,,,,,,,1,1,1,1,2,3,1,5,1,6,4,4,2,1,,1,
2019-07-26,,,,,,,,1,2,,,,,2,1,3,,1,4,1,1,2,1,
2019-07-27,,,,,,,,,,,,1,,1,,,1,,,1,,,,
2019-07-28,,,,,,,,,2,,1,,,,1,1,,1,,,,1,,
2019-07-29,,,,,,1,,1,,,2,1,,1,,2,,1,4,1,6,,,
2019-07-30,,,,,,1,1,1,2,1,,,,,1,3,,3,,1,,,,
2019-07-31,,,,,,1,,1,2,,2,,1,,3,1,,1,3,,1,,,
2019-08-01,,,,,,1,,1,,1,1,1,1,2,1,,3,4,3,3,3,3,,
2019-08-02,,,,,,,,4,2,,2,1,1,1,4,2,2,5,2,2,,,,
2019-08-03,,,,,,,,,,1,1,2,2,,1,3,3,3,3,1,1,1,1,1
2019-08-04,,,,,,,,,,2,3,3,1,4,,,,1,1,1,,,,
2019-08-05,,,,,,1,,1,1,,,,,1,3,,3,6,1,2,2,1,,
2019-08-06,,,,,,,,2,2,,1,1,1,1,3,,,2,6,,,1,,
2019-08-07,,,,,1,,,1,,1,,,2,,,,2,6,3,3,2,1,,
2019-08-08,,,,,,,,4,,,,1,1,1,1,2,1,5,2,1,1,,,
2019-08-09,,,,,,,2,1,,,1,,2,1,,,2,,,,2,,,
2019-08-10,,,,,,,1,,,1,2,1,1,1,,,,1,,1,,,,
2019-08-11,,,,,,,,,1,1,,1,1,1,,3,,,3,1,,1,,
2019-08-12,,,,,,,,2,1,,,,,2,1,,3,2,,1,2,1,4,
2019-08-13,1,,,,,,,4,,1,,1,2,1,,2,,3,4,,1,,,
2019-08-14,,,,,1,,,1,,1,,,,,,1,2,2,,,,,,
2019-08-15,,,,,,,,2,,1,,,,3,2,4,3,2,2,1,1,1,,
2019-08-16,,,,,1,,,2,1,,2,,,1,1,1,1,1,,1,1,1,,
2019-08-17,,,,,,,,,,,3,,,1,1,2,,1,1,2,1,1,,1
2019-08-18,,,,,,,,,,1,,1,,2,,,2,,1,,,1,,
2019-08-19,,,,,,,,,,1,,,,,2,1,2,7,1,2,,,,
2019-08-20,,,,,,,,2,,1,,,,2,1,,,4,3,1,,,1,
2019-08-21,,,,,,,,1,1,,1,,2,4,,,1,6,,1,,,,
2019-08-22,,,,,,,,1,1,1,,,,2,1,1,3,3,,1,1,1,,
2019-08-23,,,,,,,,1,2,,,2,1,1,1,,3,4,4,2,2,1,,
2019-08-24,,,,,,,,,2,3,2,1,3,1,1,,,1,1,2,,,,
2019-08-25,,,,,,,,1,1,,,2,1,,2,2,1,4,1,,,,,
2019-08-26,,,,,1,,,1,,1,4,,5,1,2,4,2,1,2,1,,,,
2019-08-27,,,,,,,1,,,,1,2,,,,,1,4,1,1,1,,,
2019-08-28,,,,,,,,2,2,,,,,1,,,,2,3,1,,,,
2019-08-29,,,,,,,,2,,,1,2,,3,,,2,4,1,2,1,,1,
2019-08-30,,,,,,,,2,,,,1,,2,1,3,1,2,4,,2,,,
2019-08-31,,,,,,1,,,,,1,,,,1,2,1,,4,1,,,,1
2019-09-01,,,,1,,,,,,1,2,2,1,,5,,,1,1,,,,,
2019-09-02,,,,,,,,2,1,,1,1,1,,,,,2,1,1,1,2,,
2019-09-03,,,,,,,,1,2,1,,,,4,2,,3,2,8,1,5,2,,
2019-09-04,,,,,,,,2,1,1,1,,2,2,1,1,1,2,,,2,,,
2019-09-05,,,,,,,,1,2,,1,,,1,1,,1,2,2,1,1,2,,
2019-09-06,,,,,,,,2,1,,1,,,1,1,2,3,2,2,1,,,,
2019-09-07,,,,1,,,,,,,2,7,,1,1,1,1,2,2,2,,1,,
2019-09-08,,,,,,,,1,1,1,,,4,,2,,2,1,2,1,2,,,
2019-09-09,,,,,,,,4,1,,,2,,1,,,2,1,2,,3,,,
2019-09-10,,,,,,,,1,1,,1,,,2,1,1,2,,5,3,1,,,
2019-09-11,,,,,,,,2,1,2,,1,,2,1,1,2,,1,,2,,,
2019-09-12,,,,,,,,3,1,1,,1,,1,,1,3,2,1,,,1,,
2019-09-13,1,,,,,,,4,2,,,,,1,,1,2,,3,,,1,1,
2019-09-14,,,,,,,,2,1,1,1,1,1,2,1,1,6,,,1,1,,,
2019-09-15,,,,,,,,,,1,1,2,1,2,,1,2,1,1,1,,,,
2019-09-16,,,,,,1,,3,,,2,1,,,,1,2,5,1,2,,,,
2019-09-17,,,,,,,,2,,1,1,,,1,1,2,2,6,1,3,2,,,
2019-09-18,,,,,,,,2,2,,,4,2,,2,1,4,2,3,1,,,,
2019-09-19,,,,,,1,,2,1,1,3,1,,,,1,1,2,2,1,,1,,
2019-09-20,,,,,,,,2,1,,1,,2,4,,1,4,5,4,,,,,
2019-09-21,,,,,,,1,,,1,,,3,2,2,2,,1,3,3,6,,,
2019-09-22,,,,,,,,1,,,,,,2,,3,,1,,1,1,,,
2019-09-23,,,,,,,2,2,,,,1,,1,2,2,6,4,3,1,,,,
2019-09-24,,,,,,,,3,2,,,1,1,1,1,1,1,2,3,2,1,,,1
2019-09-25,,,,,,,,2,2,1,1,1,,1,,1,3,7,5,,1,,1,
2019-09-26,,,,,,,,4,,2,,,,2,,1,,3,2,,,,,
2019-09-27,,,,,,,,4,1,,1,,,,,2,,4,1,1,1,3,,
2019-09-28,,,,,,,1,1,,,1,,13,,5,2,,1,,4,,,,
2019-09-29,,,,,,,,,,,,,,,1,1,,1,,,,1,,
2019-09-30,,,,,,,,3,1,,,2,1,,,1,1,2,3,,,,,
2019-10-01,,,,,,,,2,4,1,1,1,1,2,1,,1,2,3,,,,,1
2019-10-02,,,,,,,,2,2,1,,1,,2,1,3,3,7,1,2,,,,
2019-10-03,,,,,,,,3,1,,,1,,2,1,1,1,2,3,1,,,,
2019-10-04,1,,,,,,,2,,,,,,,,1,2,3,5,,,1,,
2019-10-05,,,,,,1,,,,,3,,,2,2,,1,2,3,,,,,
2019-10-06,,,,,,,,,,,,,1,2,,2,,,,1,,,1,
2019-10-07,,,,,,,,1,1,,,,,,,2,3,2,2,1,,,,
2019-10-08,,,,,,,,3,2,,2,,1,2,,1,1,2,6,2,,,,
2019-10-09,,,,,,,,2,1,1,,1,,,1,,1,2,,,,,,
2019-10-10,,,,,,,,1,,,,,,,2,1,1,,1,,,,,
2019-10-11,,,,,,,1,3,,1,,,,,,1,4,3,1,2,,1,,
2019-10-12,,,,,,,1,,2,1,3,1,,,2,1,2,,,,,2,1,
2019-10-13,,,,,,,,,1,,,,1,,4,,1,1,,1,1,1,,
2019-10-14,,,,,,,,4,2,,,,1,1,3,2,3,2,1,1,,,,
2019-10-15,,,,,,,,3,2,,2,,1,,3,1,4,2,4,,,,,
2019-10-16,,,,,,,1,1,2,,,1,,1,,1,2,4,2,,,,1,
2019-10-17,,,,,,,,3,1,1,,,,1,3,3,4,2,4,3,1,,,
2019-10-18,,,,,,,1,2,1,,1,1,,2,,2,4,1,1,,,,,
2019-10-19,,,,,,,1,1,,,2,,,,1,1,2,1,1,,,1,1,
2019-10-20,,,,,,,,,,1,,14,3,,3,1,,1,1,1,,,,
2019-10-21,,,,,,,1,2,,,,,1,2,,1,6,2,3,,,,,
2019-10-22,,,,,,,,3,,,,1,2,1,,,2,3,5,3,,,,
2019-10-23,,,,,,,,2,3,,,1,,,1,,3,3,4,,1,,,
2019-10-24,,,,,,,,4,2,1,,,,1,2,4,1,3,3,2,,,,
2019-10-25,,,,,,,,3,,,,,,,,1,3,4,,1,,,,
2019-10-26,,,,,,,,,1,,,,,,,3,,2,,1,,,,
2019-10-27,,,,,,,,,,2,2,,1,3,1,2,,,,,,,,
2019-10-28,,,,,,,,1,,,3,,,,1,1,3,4,1,,,,,
2019-10-29,,,,,,,,2,,,,,1,,,1,5,1,3,1,,,,1
2019-10-30,,,,,,,,1,,1,,,,,,,2,3,2,,,,,
2019-10-31,,,,,,,,1,,,1,,,,1,,4,2,3,2,,,1,1
2019-11-01,,,,,,,,2,,1,,,,,,1,1,2,2,,,,,
2019-11-02,,,,,,,,,,1,3,1,,1,,,1,,1,,,1,,
2019-11-03,,,,,,,,,,,2,1,1,2,,,,1,1,,,,,
2019-11-04,,,,,,,,1,2,1,,,,1,,,2,2,3,,1,,,
2019-11-05,,,,,,,,2,,,,1,1,,1,,2,3,2,,,,,1
2019-11-06,,,,,,,,4,1,1,1,,,,3,,3,1,1,,,,,
2019-11-07,,,,,,,,1,,,,,,,,1,,1,,,,,,
2019-11-08,,,,,,,,2,1,,1,1,1,2,1,3,2,3,1,,,,,
2019-11-09,,,,,,1,,,,1,,,,,,1,3,,,,,,,
2019-11-10,,,,,,,,,,,2,,,1,,,,,,,,,,
2019-11-11,,,,,,,,,1,,,1,,1,2,,2,2,,,,,,
2019-11-12,,,,,,,,1,,,,,2,1,2,5,1,,1,2,1,,,
2019-11-13,,,,,,,1,1,1,,,,,1,2,1,1,5,,1,,,,
2019-11-14,,,,,,,,4,1,,1,1,1,,3,1,1,1,1,,,,,
2019-11-15,,,,,,,,3,,1,,,,,,3,1,2,2,,1,,,
2019-11-16,,,,,,,,,,,1,1,1,1,,2,,,,,1,2,,
2019-11-17,,,,,,,,,,,,,,1,,,1,,,,1,,,
2019-11-18,,,,,,,,3,1,,1,,1,,1,1,2,6,2,,,,1,1
2019-11-19,,,,,,,,2,1,,1,,1,,2,,1,3,5,,1,,,
2019-11-20,,,,,,1,,4,1,,,,,,1,2,3,4,1,,,1,,
2019-11-21,,,,,,,,2,2,,,,,1,,2,2,4,1,,,,,1
2019-11-22,,,,,,,,,1,1,,1,1,1,1,2,1,4,,,1,1,1,
2019-11-23,,,,,,,,,,1,,1,1,,,1,,,,,,,,
2019-11-24,,,,,,,,,,,1,1,2,1,4,,1,,,,,,,
2019-11-25,,,,,,,,1,2,1,,,1,,1,,2,4,1,2,,1,,
2019-11-26,,,,,,,,2,2,,,,1,,1,1,3,5,1,2,1,,,
2019-11-27,,,,,,,,1,,,,,,,,,1,3,2,,1,,1,
2019-11-28,,,,,,,,2,1,,,1,,,,1,1,4,,,1,,,
2019-11-29,,,,,2,,,1,1,,1,,,1,1,2,3,,2,,1,,,
2019-11-30,,,,,,,1,,,,6,,2,,,1,,2,,,1,,,
2019-12-01,,,,,,,,,,,,1,1,2,,,1,,,,,,,
2019-12-02,,,,,,,,2,4,1,,2,1,3,1,1,1,1,1,,,,,
2019-12-03,,,,,,,,4,2,,1,2,,,2,1,1,4,5,,1,1,,
2019-12-04,1,,,,,2,,2,5,,,2,1,,,1,2,1,,,,,,
2019-12-05,,,,,,,,4,2,,2,2,1,,,1,,2,1,,,,,
2019-12-06,,,,,,,,2,3,,,,,,,1,1,,1,1,,,,
2019-12-07,,,,,,,,,,1,1,1,1,1,,2,1,,1,,,,,
2019-12-08,,,,,,,,,,1,,1,1,,2,1,,,,,1,,,1
2019-12-09,,,,,,,,2,1,1,1,,1,1,2,1,2,1,1,,,,,
2019-12-10,,,,,,,,3,2,1,,1,,,2,2,2,3,1,,,,,1
2019-12-11,,,,,,,,2,2,1,,2,1,,1,2,4,,1,1,,2,,
2019-12-12,,,,,,,,1,2,1,,,,,,1,,2,1,,,,,
2019-12-13,1,,,,,,,1,3,,2,,,,,1,3,1,,,,,,
2019-12-14,,,,,,,,,,,2,,,,1,1,1,,,,,1,,
2019-12-15,,,,,,,,,,,,,,,,,1,,,,,,,
2019-12-16,1,,,,,,,2,2,1,,1,,,,2,3,3,2,,1,,,
2019-12-17,1,,,,,,,1,2,1,1,1,,,2,,2,2,2,,1,1,1,
2019-12-18,,,,,,,,1,2,2,,,,,1,,3,2,,,,,,
2019-12-19,,,,,,,,1,1,,,,,,,,2,2,,,,,1,
2019-12-20,,,,,,,,2,1,,,,,,,,2,,,,2,,,
2019-12-21,,,,,,,,,,1,,,1,1,1,,,1,,,1,,1,
2019-12-22,,,,,,,,,,,,,,1,,,,,,,,,,
2019-12-23,,,,,,,,,,,,1,,,2,1,,,,,1,,1,
2019-12-24,,,,,,,,1,,1,,2,,2,,3,,,,,1,,,
2019-12-25,,,,,,,,,,,,1,,,1,2,1,,,,,,2,
2019-12-26,,,,,,,,,,,,,,,1,,,,2,,1,,,
2019-12-27,,,,,,,,,,,,,1,1,,2,,,2,,1,,,
2019-12-28,,,,,,,,,,1,1,,1,,2,1,,2,1,3,1,,,
2019-12-29,,,,,,,,,,,1,,1,,,2,,,,1,,,,
2019-12-30,,,,,,,,2,,,1,,,1,,1,2,,1,2,,,,
2019-12-31,,,,,,,,,,,,,,1,2,,,,,,,,,
2020-01-01,,,,,,,,,2,,1,3,,,,,2,1,,,,,1,
2020-01-02,,,,,,,,2,2,,,1,,,,,,4,,2,,,,
2020-01-03,,,,,,,,3,1,,,,,2,2,,1,1,2,,,,,
2020-01-04,,,,,,,,,,,,,1,,,,,,1,,,1,,
2020-01-05,,,,,,,,,,1,1,,1,,,2,,,,,,,,
2020-01-06,,,,,,,1,,2,,1,,,,1,,2,4,2,,,,,
2020-01-07,,,,,,,,2,2,,,,,,3,1,,3,3,1,2,,,
2020-01-08,,,,,,,,3,3,1,,,,1,1,,,3,1,,,1,,
2020-01-09,,,,,,,,2,3,1,,1,,1,,,3,3,2,2,1,,,
2020-01-10,,,,,,,,3,1,,,,,,2,,1,6,1,,,,,
2020-01-11,,,,,,,1,,,,,2,,,1,,,1,1,1,,1,,
2020-01-12,,,,,,,,,,,,,,,2,,,,,,,,,
2020-01-13,,,,,,,,1,6,,1,,,,,1,2,,1,,,,,
2020-01-14,,,,,,,,,4,2,,,,,,,,,1,,,,,
2020-01-15,1,,,,,,,2,8,5,,,,3,2,,1,1,,,,,,
2020-01-16,,,,,,,,1,2,,,,,,,2,1,1,,,,,,
2020-01-17,,,,,,,,,2,,,1,1,,1,1,,,,,1,,,
2020-01-18,,,,,,,1,,,,1,1,,2,,,,,2,,,1,,
2020-01-19,,,,,,,,,,,,,3,2,,1,1,,,,,,,
2020-01-20,,,,,,1,,2,1,,1,,1,,,,3,1,,,1,,,
2020-01-21,,,,,,,,3,2,,1,,,,1,,5,,5,1,2,1,,
2020-01-22,,,,,,,,3,1,,1,,1,,,1,3,,1,,1,1,,1
2020-01-23,,,,,,,,2,3,,1,1,1,1,1,1,1,1,3,,,,,
2020-01-24,,,,,,,,2,2,,,1,,,,1,3,,1,,1,,,
2020-01-25,,,,,,,,,,,2,1,1,,2,2,,2,1,1,1,1,,
2020-01-26,,,,,,,,,,,,,,1,2,,,3,,,1,,,
2020-01-27,,,,,,,,1,1,,1,,,,1,,3,,,,1,,,
2020-01-28,,,,,,,,1,1,,,,,,,,1,3,2,,2,,,
2020-01-29,,,,,,,,2,1,,,1,,1,,,2,1,,,,,,
2020-01-30,,,,,,,,1,2,,,1,,,,,2,4,1,1,,1,,
2020-01-31,,,,,,,2,3,1,1,,,,,,1,2,1,2,1,,,,
2020-02-01,,,,,,,,,,,2,,1,3,,,,,,1,,1,,
2020-02-02,,,,,,,,,1,2,,,,4,,1,1,,,,,,,
2020-02-03,,,,,,,,2,1,,,,,,,,4,1,,,,,,
2020-02-04,,,,,,,,2,2,,,1,,,,,,2,2,1,1,,,1
2020-02-05,,,,,,,,2,2,,1,1,,2,,1,3,1,1,,,1,,
2020-02-06,,,,,,,,1,1,1,,,,,,,,,,1,1,,,
2020-02-07,,,,,,,,,1,,,,1,,,,1,,,,,2,,
2020-02-08,,,,,,,,,,,,,,,1,,,,,,,,,
2020-02-09,,,,,,,,,,,,,,,,1,,,,,,,,
2020-02-10,,,,,,,,,,,1,1,,,,,,1,,,,,,
2020-02-11,,,,,,,,1,2,,,,,,,,2,,1,,2,,,
2020-02-12,,,,,,,,,1,,,1,3,,,,,1,,,,,,1
2020-02-13,,,,,,,,1,1,,,1,,,,,1,1,1,,,,,
2020-02-14,,,,,,,,,,,,1,1,1,1,,1,1,,,,,,
2020-02-15,,,,,,,,,,,,2,,1,,,,,,,,,,
2020-02-16,,,,,,,,,,,,2,1,,,,,,,,,,,
2020-02-17,,,,,,,1,,,,1,,1,,,1,1,,,,,,,1
2020-02-18,,,,,,,,,,1,,,,,,,,,1,,,,,
2020-02-19,,,,,,,,1,,,2,,2,,2,,,4,,,1,,,
2020-02-20,,,,,,,,1,,,,,1,1,,2,1,3,,,,,,
2020-02-21,,,,,,,,1,1,,,,1,,,,,2,,,1,,,
2020-02-22,,,,,,,,,,,1,,,2,1,1,,,,1,1,,,
2020-02-23,,,,,,,,1,,,,,,,1,,2,,1,,1,,,
2020-02-24,,,,,,,,,,,,,,2,2,,2,1,,1,1,,,
2020-02-25,,,,,,,,2,,,2,,,,,2,,1,1,,,,1,
2020-02-26,,,,,,,,1,1,1,1,,,,,,1,4,,1,1,1,,1
2020-02-27,,,,,,,,2,1,,,1,,2,,1,1,1,2,1,,1,,
2020-02-28,,,,,,,,2,1,1,,,,,,,,,,2,,,,
2020-02-29,,,,,,,,,,,1,,,1,1,1,1,,,,,1,,
2020-03-01,,,,,,,,,,,,1,,,2,1,,,,,,1,,
2020-03-02,,,,,,,,1,2,2,,,,,1,1,,,2,,,,,
2020-03-03,,,,,,,,2,2,,1,,,,,,1,1,4,,1,,,
2020-03-04,,,,,,,,1,2,,,1,,,,2,2,,1,1,,,,1
2020-03-05,,,,,,,,,1,,,1,,1,,,1,1,2,,1,1,,
2020-03-06,,,,,,,,1,2,4,6,8,1,,1,,,2,,,,,,
2020-03-07,,,,,,,,,,,1,,,,,1,1,1,1,,,,,
2020-03-08,,,,,,,,,,,1,,,1,,,2,1,,,,,,1
2020-03-09,,,,,,,,1,1,1,,,,1,,,2,2,,1,,1,,
2020-03-10,,,,,,,,4,,,,,,,,,,1,2,2,1,,,
2020-03-11,,,,,,,,2,2,1,,1,,1,,,1,1,,2,,,,
2020-03-12,,,,,,,,1,1,,,2,,,1,,,,,1,,,,
2020-03-13,,,,,,,,2,3,1,,2,,2,,,2,1,1,2,,1,,
2020-03-14,,,,,,,,,1,,2,1,1,1,2,,2,,2,,,,,
2020-03-15,,,,,,,,,,,1,,1,,1,,1,,2,,1,,,
2020-03-16,,,,,,,2,2,2,1,1,,1,1,1,1,3,3,2,1,,,,
2020-03-17,,,,,,,1,1,3,2,,,,,,,2,1,,2,,1,,
2020-03-18,,,,,,,1,1,1,,,1,,,,2,2,2,,,,,,
2020-03-19,,,,,,,,2,2,2,,1,1,,,1,3,1,1,2,,,,
2020-03-20,,,,,,,,2,4,1,,,2,,,2,5,2,1,,,,,
2020-03-21,,,,,,,,,1,,2,1,2,,2,,,1,,,,,,
2020-03-22,,,,,,,,,2,,,1,3,2,,1,,,1,,,,,
2020-03-23,,,,,,,,,2,1,1,,,,1,1,4,2,1,,,,,
2020-03-24,,,,,,,,1,2,2,1,1,,1,,1,2,1,2,1,2,,1,
2020-03-25,,,,,,,,3,2,,1,1,,1,1,2,3,5,2,,1,,,
2020-03-26,,,,,,,,,2,2,,,4,4,3,2,4,3,3,,,1,,
2020-03-27,,,,,,,1,1,,,2,1,2,,,,3,2,1,,1,,,
2020-03-28,,,,,,,1,,,2,2,,1,3,,1,1,1,,,,,,
2020-03-29,,,,,,,,,1,,1,1,2,,,1,1,,,1,1,,,
2020-03-30,,,,,,,,1,,,,1,3,1,1,1,1,2,1,,1,1,,
2020-03-31,,,,,,,,1,2,1,,,2,6,2,,3,5,,,1,,,
2020-04-01,,,,,,,,1,,,2,,1,2,3,1,1,3,1,,1,,,
2020-04-02,,,,,,,1,,,,1,1,2,,,,,2,1,3,1,2,,
2020-04-03,,,,,,,,2,1,1,,,1,,,1,,3,1,1,1,2,,
2020-04-04,,,,,,,,2,1,1,1,2,1,1,1,1,1,,1,,2,1,,
2020-04-05,,,,,,,,1,2,1,3,3,3,3,,,2,5,2,,1,1,,
2020-04-06,,,,,,,,,1,,1,3,1,2,,1,1,7,2,,,,,1
2020-04-07,,,,,,,1,1,1,2,1,1,1,1,4,1,2,1,4,1,,1,1,
2020-04-08,,,,,,,,1,,1,3,1,3,,1,2,4,5,2,4,,2,,
2020-04-09,,,,,,,,,1,4,1,1,1,2,2,4,,1,3,2,1,1,,1
2020-04-10,,,,,,,,,1,,2,1,2,3,2,3,3,3,1,6,2,,,
2020-04-11,,3,,,,,,2,2,1,2,2,1,5,,4,8,4,1,1,5,4,,1
2020-04-12,,,,,,,,1,1,3,,,4,1,,4,2,2,,,,1,,
2020-04-13,,,,,,,,1,,1,4,2,2,,1,2,1,9,1,1,,,,
2020-04-14,,,,,,,1,1,1,,,1,,1,2,6,,3,1,2,1,1,,
2020-04-15,,,,,,,,1,,,1,3,2,1,,,2,3,1,1,2,2,,
2020-04-16,,,,,,,,2,1,2,,1,1,4,1,3,2,2,2,2,,,,
2020-04-17,,,,,,,,,2,1,2,1,3,2,1,4,1,3,3,7,3,1,,
2020-04-18,,,,,,,1,,2,1,,,3,1,1,,1,1,,,1,1,,
2020-04-19,,,,,,,,,2,3,1,,2,5,4,5,1,1,,1,,,1,
2020-04-20,,,,,,,,,1,3,,2,2,,2,1,3,4,2,,2,,,
2020-04-21,,,,,,,1,,,1,2,1,1,,2,1,,3,1,3,,1,,2
2020-04-22,,,,,,1,,,2,,,1,,1,1,8,2,3,4,5,,1,,
2020-04-23,,,,,,,,1,,2,,4,2,,3,2,2,7,5,2,1,2,,
2020-04-24,,,1,,,,1,,1,,1,2,4,1,1,3,3,2,5,1,5,1,,
2020-04-25,,,2,,,,1,1,,3,,,4,1,4,5,6,1,1,4,1,1,3,4
2020-04-26,1,,,,,,,,2,1,1,2,5,8,1,2,1,5,2,3,3,1,,
2020-04-27,1,1,,,,,,,2,3,,2,1,5,1,3,5,4,10,1,,,1,
2020-04-28,,,1,,,,,,1,2,1,6,3,,,1,4,1,1,1,,,,
2020-04-29,,,,,,,,1,1,1,1,,1,1,2,2,1,,4,3,1,,,
2020-04-30,,,,,,,,,,2,1,1,1,,,2,5,2,8,3,,,,2
2020-05-01,,,,,,,1,1,1,3,2,1,2,,2,1,6,6,2,2,1,,,
2020-05-02,,,,,,,,1,2,,,3,2,4,5,5,5,5,,5,1,1,,
2020-05-03,,,,,,,,,,5,4,3,,3,,1,2,3,1,3,,,,
2020-05-04,,,,,,,,3,4,,1,,,1,1,2,2,2,3,2,,,,3
2020-05-05,1,,,,,,1,,,,,,,2,,3,1,6,9,3,,,,2
2020-05-06,1,,,,,,,,2,3,5,1,6,2,9,4,3,4,3,2,,1,,
2020-05-07,,,,,,,,,1,2,4,,2,1,1,2,4,2,6,1,1,,,1
2020-05-08,,,,,,,,1,1,2,5,5,2,2,6,2,3,1,7,8,1,,1,2
2020-05-09,,,,,,,,1,2,2,3,3,4,3,1,2,2,2,2,5,1,,,
2020-05-10,,,,,,,,,,,1,,,2,1,1,5,1,3,1,1,,,1
2020-05-11,,,,,,,,1,4,1,1,1,1,2,,2,7,2,1,5,8,,1,
2020-05-12,,,,,,,1,1,1,4,1,2,3,1,1,2,4,4,2,4,4,,,1
2020-05-13,,,,,,,,,,1,3,,1,,,1,1,4,6,3,3,1,,
2020-05-14,,,,,,,,2,2,,,3,1,,,4,4,5,7,7,1,,,
2020-05-15,,,,,,,,,2,1,1,,2,4,1,3,5,3,3,1,,,,
2020-05-16,,,,,,,,2,2,2,,1,2,1,,,3,1,6,2,1,,,
2020-05-17,,,,,,,,1,,1,2,3,5,,2,2,9,2,5,2,1,,,
2020-05-18,,,1,,,,1,,4,1,,,1,1,,4,2,1,1,1,,,,
2020-05-19,,,,,,,1,,2,,1,1,3,2,,,2,9,10,2,4,,1,
2020-05-20,,,,,,,1,3,1,3,1,2,2,1,5,4,2,5,8,2,4,,,
2020-05-21,,,,,,,1,1,,2,,1,1,4,5,2,3,9,6,4,4,,,
2020-05-22,,,,,,,,,1,,1,3,1,2,1,2,,2,3,,2,,,
2020-05-23,,,,,,,,2,,1,,1,3,2,,,3,1,1,3,1,1,1,1
2020-05-24,,,,,,,,,,,1,1,2,1,2,,1,1,2,,2,1,,
2020-05-25,,,,,,,,,2,3,,4,,3,8,7,3,3,3,2,7,,1,1
2020-05-26,,,,,,,2,2,1,2,2,,1,,5,2,1,2,3,4,4,1,2,1
2020-05-27,,,,,,,,2,1,1,1,3,3,,3,5,,2,4,4,5,,,
2020-05-28,,,,,,,,3,1,,1,3,1,3,1,4,3,3,4,16,4,1,1,1
2020-05-29,,1,1,,,1,,,,2,2,2,1,1,4,4,1,6,7,4,4,,1,
2020-05-30,,,,,,,,3,2,3,2,1,4,6,3,2,6,4,10,1,4,2,1,
2020-05-31,,,,,,,1,,1,1,2,2,1,6,2,4,7,3,4,2,1,2,,
2020-06-01,,,,,,,1,2,,,3,,,1,3,7,8,6,2,7,3,,1,
2020-06-02,,,,,,,1,1,1,,,1,,2,2,5,3,5,5,5,2,,1,
2020-06-03,,,,,,,,,1,,3,,1,,,,2,3,,1,1,,2,
2020-06-04,,,,,,,1,1,1,2,,1,2,,,2,,4,1,2,3,1,1,1
2020-06-05,,,,,,,,,1,1,2,2,,,,,,,2,3,2,2,,
2020-06-06,,,,,,,,1,1,,2,,,,3,5,,,4,1,5,1,,
2020-06-07,,,,,,,,,,,2,,,,2,6,4,2,2,,7,,,
2020-06-08,,,,,,,,1,2,,2,2,2,3,4,1,3,4,5,2,4,1,1,
2020-06-09,,,,,,1,,3,1,1,,1,1,1,2,5,2,12,1,5,2,2,,
2020-06-10,,,,,,1,,,,,2,4,2,1,1,1,2,4,2,3,,1,,
2020-06-11,,,,,,,1,1,1,,,1,,1,,,2,3,2,,2,,,
2020-06-12,,,,,,,,,1,,,,1,1,,,,2,,,,,3,
2020-06-13,,,,,,,,1,,1,1,1,1,,6,1,9,7,4,1,1,2,2,1
2020-06-14,,,,,,,,1,1,2,1,2,1,3,3,1,4,,5,2,11,,,
2020-06-15,,,,,,,1,,1,,1,,5,2,1,7,2,4,6,4,4,1,1,
2020-06-16,,,,,,,2,1,,,,1,4,1,1,4,9,7,4,10,5,2,,
2020-06-17,,,,,,,1,1,2,,,2,2,3,1,3,5,8,2,5,4,5,,
2020-06-18,,,,,,,1,1,,2,,1,1,2,,,,3,,,,,,
2020-06-19,,,,,,,1,1,,1,2,1,2,1,1,2,,,3,6,2,,,
2020-06-20,,,,,,1,2,1,1,,2,,1,2,5,1,1,7,7,3,,,3,
2020-06-21,,,,,,,,,2,,1,2,2,,5,3,1,3,4,3,1,2,1,2
2020-06-22,,,1,,,,1,,,,5,1,1,1,1,3,4,5,8,3,,2,2,
2020-06-23,,,,,,,1,3,2,,,3,2,2,2,5,3,7,3,3,6,3,1,
2020-06-24,2,,,,,,1,,2,1,1,,2,5,4,1,5,10,1,5,4,1,3,
2020-06-25,,,,,,1,1,1,3,,2,2,2,5,5,4,4,3,4,5,2,7,2,
2020-06-26,,,,,,,2,1,1,,3,1,1,4,,1,5,3,1,6,4,4,3,1
2020-06-27,,,,,,,,,,,1,2,3,2,2,4,1,,2,3,2,,,1
2020-06-28,,,1,,,1,,,,,,,2,,,3,1,1,,2,,,1,
2020-06-29,,,,,1,,,1,,,1,,,1,2,,,2,3,7,4,1,,
2020-06-30,,,,,,,1,,1,1,,1,2,3,,7,1,3,2,4,6,,,
2020-07-01,,,,,,,1,1,,,1,,3,3,,2,2,11,5,7,4,2,2,
2020-07-02,,,,,,,,,,,1,,,3,,1,3,3,2,17,4,3,1,
2020-07-03,2,,,,,,,,,,,,1,,2,2,2,3,,1,,,1,3
2020-07-04,,,,,,,2,,,1,,,,2,3,7,4,6,4,1,,2,,
2020-07-05,,,,,,,,,1,4,2,4,,3,3,3,2,,4,,,3,,
2020-07-06,,,,,,,,,1,,5,1,1,2,1,4,7,5,6,4,7,2,1,
2020-07-07,,,,,,,1,,,1,2,,,,2,1,,1,1,3,1,1,,4
2020-07-08,,,,,,,1,3,,1,1,5,1,3,5,1,9,3,4,2,1,,,1
2020-07-09,,,,,,,1,,,2,,1,1,1,6,2,3,3,1,1,,,,
2020-07-10,,,,,,,,1,,,,,,,2,,4,,,4,5,4,4,1
2020-07-11,,,,,,,,,1,,2,1,,3,3,5,1,4,2,4,2,2,,
2020-07-12,,,,,,,,,3,1,3,,1,2,3,6,6,10,3,12,4,,,
2020-07-13,,,,,,,,,,,1,1,,1,1,1,3,3,5,6,,3,2,
2020-07-14,,,,,,,,1,1,1,,,2,1,1,4,4,4,6,3,6,1,2,2
2020-07-15,1,,,,,,1,1,,2,1,,2,2,1,1,2,4,2,,1,,1,
2020-07-16,,,,,,,1,3,1,,,,1,1,1,9,4,11,4,3,4,3,1,
2020-07-17,,,,,,,1,1,,1,,2,1,3,1,1,1,,6,6,3,5,3,
2020-07-18,,,,,,,,,3,,,,2,,2,3,3,2,7,3,,2,1,
2020-07-19,5,,,,,1,,1,1,2,1,,7,3,1,,7,7,3,1,2,2,1,
2020-07-20,,,,,,,2,4,3,2,,,1,1,2,3,2,8,3,5,3,5,,
2020-07-21,,,,,,,,2,,2,,1,1,1,7,2,6,4,4,8,4,1,1,
2020-07-22,,,,,,,1,2,,1,1,,1,,3,,,3,2,4,4,1,3,
2020-07-23,,,,,,,3,1,1,2,2,,2,,5,1,3,6,6,2,5,2,1,
2020-07-24,,,,,,,,1,,1,,,2,,3,5,3,6,5,8,2,2,1,
2020-07-25,,,,,,,2,,,1,,1,1,6,2,1,6,1,1,4,1,2,,
2020-07-26,,,,,,,1,1,,,3,,,,6,1,4,4,4,8,2,2,,
2020-07-27,1,,,,,,2,,1,,,,1,,,,1,3,2,2,4,,1,
2020-07-28,,1,,,,,,3,1,1,1,,1,,5,,1,8,5,4,2,6,5,
2020-07-29,,,,,,1,2,2,1,,,3,,3,2,5,8,10,2,6,2,2,,1
2020-07-30,1,,,,,,2,2,1,1,,,,1,,6,2,1,4,3,5,2,,
2020-07-31,3,2,,,1,,2,6,,1,,,1,1,4,,,5,3,,2,3,,
2020-08-01,,,,,,,3,,,,,4,2,1,4,3,4,,5,,2,1,,
2020-08-02,,,,,,,1,2,1,2,1,1,1,2,4,3,,4,2,1,3,,,
2020-08-03,,,,,,,1,,1,1,,1,1,,2,1,4,4,2,4,1,1,,
2020-08-04,,,,,,,2,1,,,1,,,2,2,2,,4,5,1,1,4,1,
2020-08-05,,,,1,,,,1,,2,,,1,1,1,2,2,2,,2,3,1,,
2020-08-06,,,,,,,2,4,,1,1,2,,,1,2,3,3,2,5,4,1,,
2020-08-07,,,,,,,1,2,,5,,,,,1,2,3,3,3,2,1,,1,
2020-08-08,,,,,,,3,,2,3,3,,3,3,3,6,4,3,2,2,6,,2,
2020-08-09,,,,,1,,,1,,1,2,,4,2,1,1,4,2,3,4,2,1,1,
2020-08-10,,,,,,,,2,1,2,,1,3,1,1,5,3,2,9,2,4,2,2,
2020-08-11,,1,,,,,4,,2,2,1,2,5,3,3,5,2,8,1,3,5,,1,
2020-08-12,,,,,,,,2,1,1,1,3,1,3,5,1,3,9,1,2,4,2,,
2020-08-13,1,,,,,,1,,1,,2,1,,,2,1,1,6,6,1,2,1,,
2020-08-14,,,,,,,1,1,1,1,2,1,2,,1,2,3,8,3,3,2,,,
2020-08-15,,,,,,,1,,1,1,2,1,,2,2,1,3,4,2,2,,2,,
2020-08-16,,,,,,,,,1,,,,1,1,2,,1,,,4,,,,
2020-08-17,1,,,,1,,1,,,,1,,2,4,4,3,2,5,2,,,1,,1
2020-08-18,,,,,,,3,2,1,,,1,3,,1,3,4,8,8,1,2,2,2,
2020-08-19,,,,,,,1,1,,1,1,,5,,1,,,3,2,,1,,1,
2020-08-20,,,,,,,1,1,1,2,2,3,1,8,3,4,3,7,6,4,4,1,2,
2020-08-21,,,,,,,,,,1,1,,4,1,,4,4,,3,4,3,,1,
2020-08-22,,,,,,,,1,,2,,5,3,,,1,3,5,1,,2,,,1
2020-08-23,,,,,,,,,1,,1,3,4,3,,2,1,,,4,1,,,
2020-08-24,,,,,,,,,1,1,,2,2,,4,,2,7,10,3,7,,,
2020-08-25,,,,,,,1,1,,,,,1,,,,,2,,,1,,,
2020-08-26,,,,,,,,1,,1,1,1,3,1,3,3,7,3,3,3,2,1,,
2020-08-27,,,,,,1,,1,,,,1,3,3,,,1,3,1,1,,,,
2020-08-28,,,,,,,1,1,1,,,,2,1,,,,5,,4,1,,1,
2020-08-29,,,,,,,,,,2,2,1,,1,,1,,1,2,2,2,,1,
2020-08-30,,,,,,,,,,1,3,1,,,4,3,3,2,1,4,1,,,
2020-08-31,,,,,,,,,2,,2,1,,4,1,,5,,4,2,1,,,
2020-09-01,,,,,,,,,,,,,,2,5,,5,2,2,2,1,,2,1
2020-09-02,,,,,,,1,,,5,1,1,,1,2,2,1,3,,,,1,,
2020-09-03,,,,,,,,,,1,,1,1,1,1,2,2,4,7,8,3,,2,
2020-09-04,,,,,,,,,,1,,,,,1,,4,3,1,2,4,1,,
2020-09-05,,,,,,1,,1,,,,,,,3,1,4,6,1,1,1,1,,
2020-09-06,,,,,,,,1,1,2,2,4,1,3,3,3,7,5,,2,2,,,
2020-09-07,,,,,,,1,1,,,1,2,2,1,,,,3,2,1,2,,,
2020-09-08,,,,,1,,2,,1,,2,1,1,1,,1,4,12,6,1,1,,,
2020-09-09,,,,,,,,,1,,,,1,,2,2,1,5,1,3,4,1,,
2020-09-10,,,,,,,,1,2,2,1,1,,1,,4,1,7,2,1,,2,,
2020-09-11,,1,,,,,,1,,1,,,2,1,1,,1,2,2,3,2,,,
2020-09-12,,,,,,,3,,,,,1,2,1,2,1,3,3,12,,,,1,
2020-09-13,,,,,,,,,1,,1,,2,3,3,4,4,5,3,2,,3,,
2020-09-14,,,,,,,2,1,1,1,1,,1,3,1,2,,8,1,5,4,,1,
2020-09-15,,,,,,,1,2,2,,1,1,1,,,2,4,3,8,1,8,,,
2020-09-16,,,,,,,1,1,2,4,,2,1,1,2,1,2,5,1,3,4,2,,
2020-09-17,,,,,,,,1,1,,2,1,,,,2,5,3,8,3,,,,
2020-09-18,1,,,,,,,,1,1,,1,3,1,1,1,2,4,3,,,,,
2020-09-19,,1,,,1,,,1,,1,,1,2,3,4,,2,1,19,8,1,,,
2020-09-20,,,,,,,,,1,,,1,1,2,1,12,12,7,,5,,,,
2020-09-21,,1,,,,,1,1,3,1,,,2,1,1,2,5,4,10,,1,,,
2020-09-22,,,,,,,1,2,1,,,,1,,5,2,2,7,6,1,3,,,1
2020-09-23,,,,,,,1,2,2,,,,,,,,1,4,,,,,,
2020-09-24,,,,,,,,3,,,,,,,,2,3,2,2,1,,,,
2020-09-25,,,,,,,,2,2,,1,,2,,1,1,4,3,3,,,,,
2020-09-26,,,,,,,1,,1,2,,,1,1,1,2,,2,1,,,,,
2020-09-27,,,,,,,,,1,1,,1,,1,1,1,,1,1,2,,,,
2020-09-28,,,1,,,,2,1,2,,,1,1,2,1,3,2,5,2,2,1,,,
2020-09-29,,,1,,,,1,1,,1,1,2,1,2,,1,5,3,5,4,1,1,,
2020-09-30,,,,,,,,1,,,,,,1,2,1,1,4,,,,,,
2020-10-01,,,,,,,,2,1,1,,,,,2,1,2,5,4,,,,1,
2020-10-02,,,,,,,,2,,1,,,,2,2,2,2,2,,2,,,,
2020-10-03,,,,,,,,,,1,1,,,1,,1,1,,,,,,,
2020-10-04,,1,,,,,,,,,1,3,1,2,1,3,2,1,,,,,,
2020-10-05,,,,,,,,,1,,,1,,2,,,2,8,4,2,4,,,
2020-10-06,,1,,,,,1,2,2,,,,,,1,,1,4,3,3,1,2,,
2020-10-07,,1,1,,,,,2,3,1,,1,,3,1,3,3,1,4,3,,2,,
2020-10-08,,1,,,,,,,,,,1,,2,,,2,2,,,,,,
2020-10-09,,,,,,,,2,2,,,,,,,1,1,2,1,3,1,,,
2020-10-10,,,,,,,,,,2,1,2,1,3,1,3,1,3,,,,,,
2020-10-11,,1,,,,,,,1,2,,3,3,2,1,1,,,2,1,,,,
2020-10-12,,,,,,,,,,,2,,1,1,1,,1,,1,,,,,
2020-10-13,,1,,,,,,1,2,,,,,,,3,1,,2,2,1,2,,
2020-10-14,,,,,,,,3,,,2,2,,2,1,,3,2,3,3,,,,
2020-10-15,,,,,,,,1,1,,1,,,,1,1,2,2,4,,,,,
2020-10-16,,,1,,,,,1,,,1,,,,1,2,3,1,2,,,,,
2020-10-17,,,,,,,,,,5,1,,3,,3,,1,1,3,,,,,
2020-10-18,,,,,,,,,1,,,,2,2,3,,,2,2,,1,8,,
2020-10-19,,,,,,,,,,,2,,,,1,1,1,1,3,2,,,,
2020-10-20,1,,,,,,1,1,1,,,,,3,2,1,2,,6,,2,,,
2020-10-21,,,1,,,,,1,1,,,,1,,,1,,4,,1,,1,,
2020-10-22,,,,,,,,1,,,3,1,1,2,1,2,1,2,3,2,,,,1
2020-10-23,,1,,,,,,1,1,,,1,1,1,,,3,1,4,1,,,,
2020-10-24,,,,,,,,,,,,1,,1,2,1,,1,,1,,,,
2020-10-25,,,,,,,,,1,2,9,1,,2,2,1,2,,1,,1,,,
2020-10-26,,,,,,,,,,1,1,1,1,,1,,,,2,,1,,,
2020-10-27,,,,,,,,,,,,1,3,,,,,2,,,1,3,,2
2020-10-28,,,,,,,,,,1,1,,3,,,,1,1,2,,,,,
2020-10-29,,,,,,,,1,,,,,1,,,1,,2,,,2,,,
2020-10-30,,,,,,,1,1,1,,1,,,1,1,,,,2,,,,1,
2020-10-31,,,,,,,,,,,1,,,1,2,,2,1,,1,,,,
2020-11-01,1,,1,,,,,,,,2,1,1,3,1,,,,,,,,,
2020-11-02,,,,,,,,1,,,1,,1,2,,,1,2,1,1,,,1,
2020-11-03,,,1,,,,,2,,2,,1,1,1,,,2,,3,1,1,1,,
2020-11-04,,,,,,,,1,1,,1,1,,1,3,,1,2,,1,,1,,
2020-11-05,,,,,,,,1,,1,,4,1,1,1,1,3,1,1,,,,,
2020-11-06,,,,,,,,2,1,1,,,2,2,,,2,,1,1,,1,,
2020-11-07,,,,,,,,,,1,3,2,1,2,,2,,,2,2,,1,1,
2020-11-08,,,,,,,,,,,,2,1,3,3,,3,2,,,2,,,
2020-11-09,,,,,,,,1,,,1,,1,1,2,,3,,,1,2,1,,
2020-11-10,,,,,,,1,2,2,,,2,2,2,1,1,1,1,,,1,1,1,1
2020-11-11,,,,,,,,2,,,1,3,1,1,,,4,,,1,,,1,1
2020-11-12,,,,,,,,2,,1,,2,3,1,1,1,3,1,1,1,,1,,
2020-11-13,,,,,,,,1,5,2,2,1,,2,2,1,1,2,,,,,,
2020-11-14,,,,,,,,,2,,,2,1,1,,1,,1,1,,1,,,
2020-11-15,,,,,,,,,1,,,,1,1,5,3,,1,,,,,,
2020-11-16,,,,,,,,1,1,,,,,,2,2,3,,1,2,,1,,
2020-11-17,,,,,,,1,2,2,2,1,3,1,,,,,2,3,,,,,
2020-11-18,,,,,,,,2,1,2,1,1,,,,,3,2,,1,,1,,
2020-11-19,,,,,,,,2,2,1,1,,,2,,3,2,2,1,,,,,
2020-11-20,,,,,,,,2,2,1,1,1,,,,,1,1,1,,,,,
2020-11-21,,,,,,,1,,,1,,,,1,4,1,,,1,,1,,1,
2020-11-22,,,,,,,,,1,,,,2,,1,2,,,2,,,,,
2020-11-23,,,,,,,,1,,,1,1,,1,1,2,,2,1,4,,,1,
2020-11-24,,,,,,,,2,2,1,,,,1,,1,1,2,,,2,,,
2020-11-25,,,,,,,1,2,1,1,1,2,2,1,,1,1,3,1,1,,1,,
2020-11-26,,,,,,,1,2,2,,,1,,2,1,,3,,1,1,1,,,
2020-11-27,,,,,,,1,1,3,,,1,1,,1,,,,,2,1,2,,
2020-11-28,,,,,,,,,1,1,1,1,,,,,,,,,1,,,1
2020-11-29,,,,,,,,,2,,1,,2,,2,,1,1,,1,,,,
2020-11-30,,,,,,,1,,1,,,,2,,2,,,2,,,1,,,
2020-12-01,,,,,,,,1,3,1,,,1,1,1,,,3,,1,2,1,,
2020-12-02,,,,,,,,1,2,1,1,1,,,2,,,1,1,,1,,,
2020-12-03,,1,,,,,,1,1,1,1,,,1,,,,1,,,,,,
2020-12-04,,,1,,,,,1,,2,1,,,,,,,,,,,,,
2020-12-05,,1,,,,,,,2,1,1,1,,,1,,2,1,,,2,1,,
2020-12-06,,,,,,,,,,,,,2,1,2,,1,,,,,,,
2020-12-07,,,,,,,,,2,1,1,1,2,,3,,1,,,3,2,,,
2020-12-08,,,,,,,,1,1,1,,,,,,,1,1,,3,2,,,
2020-12-09,,,,,,,,1,3,1,1,1,,,,,1,1,1,1,,,,
2020-12-10,,,,,,,,1,1,1,2,,,,1,,1,,,,1,,,
2020-12-11,,,,,,,,,2,1,,1,,1,1,,,1,2,,1,,,
2020-12-12,,,,,,,,,,,,2,,,,,,3,2,,1,,,
2020-12-13,,,,,,,,,,1,,,1,,,,,,1,1,,,,
2020-12-14,,1,,,,,,,1,1,1,1,1,1,1,1,,1,1,,1,1,,
2020-12-15,,1,,,,,,1,1,2,,2,,,,2,3,2,1,3,3,1,,
2020-12-16,,1,,,,,,1,1,,,,,,,,,,,3,,,,
2020-12-17,,,,,,,,1,1,1,1,,,,,1,,1,,,,,1,
2020-12-18,,1,,,,,,1,2,1,1,,,,1,,3,,,1,1,,,
2020-12-19,1,1,,,,,,,,1,1,2,1,2,2,5,,,,,1,,1,
2020-12-20,,,1,,,,,,,1,,1,,3,1,,,2,,,1,,,
2020-12-21,,,,,,,,,2,1,,1,1,1,,,,1,,1,,,,
2020-12-22,1,,1,,,,,,1,1,2,2,,2,2,,,1,4,1,1,,,
2020-12-23,,,,,,,,,1,1,1,,,1,,,1,,1,,1,1,,
2020-12-24,,,,,,,,,,1,,1,1,1,1,1,1,,2,,,,,
2020-12-25,,,1,,,,,,1,1,1,1,1,,1,,1,,,,1,,,
2020-12-26,,,1,,,,,,,1,,,,1,2,1,,,,,,,,
2020-12-27,,,,,,,1,,,1,,,2,,,1,,,1,,2,2,,
2020-12-28,,,,,,,,1,,4,,,1,2,1,,,,1,,2,,,
2020-12-29,,,,,,,,,1,,1,1,1,1,,,,,1,,,,,
2020-12-30,,,,,,,,,1,,,,,1,,,,1,1,,,,,
2020-12-31,,,,,,,,,1,,,1,,,,1,,,,1,,,,
2021-01-01,,,,,,,,,2,2,,,,1,1,1,,,,,,,,1
2021-01-02,,,,,,,,,3,,,1,1,1,,,,,,1,,,,
2021-01-03,,,,,,,,,,,,,,3,,,,,,,,,,
2021-01-04,,,,,,,,,1,1,,1,2,,1,,,,,,,,,
2021-01-05,,,,,,,,1,2,1,1,,1,,,,,,2,2,1,,,
2021-01-06,,,,,,,,1,,,1,1,1,,1,,1,3,,,2,,,
2021-01-07,,,,,,,,1,1,,,,,2,,,,1,,,,,,
2021-01-08,,,,,,,,1,1,,,,,1,,,,,1,,,,,
2021-01-09,,,,,,,,,,,,,,,,,,,1,,,,,
2021-01-10,,,,,,,,,,,,3,1,2,,,,,,1,,,,
2021-01-11,,,,,,,,1,1,,1,,,,,2,1,,,1,,,,
2021-01-12,,,,,,,1,2,,,1,1,,1,2,,1,1,1,,2,,,
2021-01-13,,,,,,,1,1,,,,2,,,1,,,1,,,,,,
2021-01-14,,,,,,,,,3,,,,,,,,,,,,,,,
2021-01-15,,,,,,,,,,,,,,,,,,,,,,,,
2021-01-16,,,,,,,,,,,,,,,1,1,1,,,,,,,
2021-01-17,,,,,,,,,,,,4,1,,,1,,,,,,,,
2021-01-18,,,,,,,1,1,,,,,,1,3,,,,1,1,,,,
2021-01-19,,,,,,,3,2,,,1,,,,2,1,,2,,1,,,,
2021-01-20,,,,,,1,1,1,,,1,,,,1,,,1,,,1,,,
2021-01-21,,,,,,,1,1,,,1,,,,,,1,,,,,,,
2021-01-22,,,,,,,1,1,1,,,,,2,2,5,,,,,1,1,,
2021-01-23,,,,,,,,1,,,2,1,,2,1,,1,,,1,,,,
2021-01-24,,,,,,,,,,,,2,1,1,1,,,,,,,,,
2021-01-25,,,,,,,,2,,1,2,,,,,,,,,,,,,
2021-01-26,,,,,,,1,2,,,1,,1,2,,,1,,1,,,,,1
2021-01-27,,,1,,,,1,2,,2,3,1,3,,1,,2,3,,,,,,
2021-01-28,,,,,,,1,3,,,,,,2,1,,2,,,,1,,,
2021-01-29,,,,,,,1,1,1,1,1,1,,,,2,2,,,1,2,,,1
2021-01-30,,,1,,,,,,3,,2,1,3,1,2,1,,,1,,1,,,
2021-01-31,,,,,,,,,,,2,1,1,,,1,1,,,,1,1,,
2021-02-01,,,,,,,1,1,2,1,,1,,,2,,,,,,1,,,
2021-02-02,,,,,,,,,,,,,,,,,,,,,,,,
2021-02-03,,,,,,,,1,,,,,1,,,,1,1,,,,,,
2021-02-04,,,,,,,,2,1,,1,,1,,,,1,,,,1,,,
2021-02-05,,,,,,,,4,1,,1,,,,1,3,,1,2,1,2,,,1
2021-02-06,,,,,,,,,,,,,,1,,,,1,,,,,,
2021-02-07,,,,,,,,,,,,1,,1,1,1,2,,1,1,,,,
2021-02-08,,,,,,,,1,,,,,1,1,,1,,1,,1,,,1,
2021-02-09,,,,,,,,2,,1,,,,1,,,,,,,,,,
2021-02-10,,,,,,,,2,,,,1,,1,,,1,1,,,,,,
2021-02-11,,,,,,,,,1,,1,,1,2,1,,,3,1,,,,,
2021-02-12,,,,,,,,1,2,,1,,,1,,,1,,,1,,,,
2021-02-13,,,,,,,,,,,,,,,,,,,,,,,1,
2021-02-14,,,,,,,,,,4,,,1,,2,,1,1,,1,,,,
2021-02-15,,,,,,,,2,1,,1,1,,,1,1,1,2,2,,2,,,
2021-02-16,,,,,,,,3,1,3,1,,1,1,,3,4,3,,1,1,,,
2021-02-17,,,,,,,,2,1,1,2,,,1,1,6,2,2,2,,1,,,
2021-02-18,,,,,,,,3,1,,,1,1,1,,,3,1,2,,2,,,
2021-02-19,,,,,,1,,2,1,,1,,,,,,1,,2,3,1,,2,
2021-02-20,,,,,,,,,3,,2,1,1,,1,,,,1,1,2,,,
2021-02-21,,,,,,,,,2,,,2,3,,5,2,5,,2,,,,,
2021-02-22,,,,,,,,1,1,,,,1,1,2,1,3,1,1,1,1,1,,1
2021-02-23,,,,,,,,2,3,,1,,,,4,1,,2,2,,,,1,
2021-02-24,1,,,,,,,3,1,,1,1,,,,,1,,1,,1,,,
2021-02-25,,,,,,,,2,2,,2,1,3,,1,1,1,3,1,,1,,,
2021-02-26,,,,,1,,,4,2,2,1,,,4,,,,,,,,,,
2021-02-27,,,,,,,,2,,,,,,1,2,2,3,4,3,1,,,,
2021-02-28,,,,,,,,1,2,2,,,5,5,1,3,3,2,,3,,1,,
2021-03-01,,,,,,,,4,1,1,2,1,1,1,1,1,,,3,,,,,
2021-03-02,,,,,,,,1,3,,,,,1,,2,,2,1,1,3,,,
2021-03-03,,,,,,,,2,,,1,1,1,,,4,1,4,,,,,,
2021-03-04,,,,,,,,2,1,1,1,,1,1,2,,1,1,,,,,,
2021-03-05,,,,,,,,2,1,,,,,2,3,1,,2,1,2,1,1,,
2021-03-06,,,,,,,,5,1,,2,,1,2,,,6,2,,2,1,,1,1
2021-03-07,,,,,,,,2,,1,,,1,,1,1,,,1,,1,,,
2021-03-08,,,,,,,,2,1,,1,,,1,,4,2,,1,,,,,
2021-03-09,,,,,,,,1,1,1,1,1,,,1,2,3,2,4,,1,,,
2021-03-10,,,,,,,,2,2,1,,,,1,1,,3,1,,,,1,,
2021-03-11,,,,,,,,2,1,,,1,1,,1,1,,1,,1,1,,,
2021-03-12,,,,,,,,3,2,,1,,,,,,,1,,,,,,
2021-03-13,,,,,,,,,,,,,1,1,1,1,1,1,1,,,,,
2021-03-14,,,,,,,,1,1,,,,1,,5,1,,,1,1,,1,,
2021-03-15,,,,,,,,1,2,,2,1,,1,2,1,1,3,2,1,1,,,
2021-03-16,,,,,,,,3,1,1,,,,1,2,1,3,1,3,2,1,,,
2021-03-17,,,,,,,1,2,3,,1,,2,3,,6,2,3,,,2,,,1
2021-03-18,,,,,,,,2,1,2,1,,1,,,1,1,3,7,2,,,,
2021-03-19,,,,,,,,2,2,1,1,,1,2,,2,,2,3,1,,,,
2021-03-20,,,,,,,1,,1,1,2,3,,,1,2,1,1,,3,,,,
2021-03-21,,,,,,,,,2,4,5,1,1,,,4,1,,,,,,1,
2021-03-22,,,,,1,,,2,3,,3,,,1,4,2,3,,2,2,,,,
2021-03-23,,,,,,,,2,1,,,,1,,,1,2,5,1,3,,,,
2021-03-24,,,,,,,,3,1,,4,,1,1,3,2,3,12,4,3,1,1,,
2021-03-25,,,,,,,,2,2,,,2,1,,1,,2,3,1,1,,,,
2021-03-26,1,,,,,,,2,1,,,,3,,,2,1,2,,2,,,,
2021-03-27,1,,,,,,,,,2,,3,1,,5,5,4,5,1,1,,,,
2021-03-28,,,,,,,,3,,,,1,,1,2,2,1,2,1,,,,,
2021-03-29,,,,,,1,,1,1,1,2,2,,1,1,,2,6,2,3,4,1,2,
2021-03-30,,,,,,,1,2,2,3,,,1,1,2,1,6,6,2,5,4,,,
2021-03-31,,,,,,,,2,1,2,2,2,,1,2,6,5,1,8,5,,,,2
2021-04-01,,,,,,,,2,1,,,,,,3,1,2,,1,1,,,,2
2021-04-02,,,,,,,1,,1,3,1,1,1,,4,4,,1,1,3,1,1,1,
2021-04-03,,,,,,,,,,1,1,2,1,1,,3,4,3,,1,,1,1,
2021-04-04,,,,,,,,,2,1,2,1,1,2,2,2,,1,1,,1,,,1
2021-04-05,,,,,,,,,,2,,,2,2,17,,2,1,1,3,1,,,
2021-04-06,,,,,,,,1,2,1,,1,,,,,2,1,,1,,,1,
2021-04-07,,1,,,,,,3,1,1,,,2,2,2,3,2,3,2,1,2,,,
2021-04-08,,,,,,,,2,2,,1,,1,2,10,3,,1,1,4,3,,,
2021-04-09,,,,,,,,3,,,3,5,,,1,,4,1,3,2,,2,,1
2021-04-10,,,,,,,1,2,,,4,1,2,,6,1,1,2,,,,1,,1
2021-04-11,,,,,,,,,1,,,1,2,,1,5,,,1,4,,,,
2021-04-12,,,,,,,,1,,1,,,2,1,4,2,1,2,2,8,,,1,
2021-04-13,,,,,,,,2,,,3,,,,,,2,2,3,3,1,2,,
2021-04-14,,,,,,,1,3,,1,1,,,1,,,1,6,,1,,2,,1
2021-04-15,,,,,,,,4,,,1,,1,1,1,1,2,5,6,,,,,
2021-04-16,,,,,,,1,3,,1,1,2,,,,1,,,3,3,,,1,
2021-04-17,,,,,,,,,2,,,,2,,1,1,4,2,,2,1,,,
2021-04-18,,,,,,,,,2,,1,1,1,,1,3,3,6,,1,1,1,,1
2021-04-19,,,,,,,1,2,,,3,2,,1,,1,4,1,3,1,2,,,1
2021-04-20,,,,,,,1,4,1,,1,,1,1,1,,,2,,4,1,,,1
2021-04-21,,,,,,,1,4,2,1,,,1,,,3,,2,6,2,,,,1
2021-04-22,,,,,,,1,3,1,1,1,,,,,3,5,4,2,3,1,1,,
2021-04-23,,,,,,,,3,1,1,1,,1,2,,3,,1,6,3,,,1,
2021-04-24,,,,,,,,,,3,,1,1,1,2,2,2,3,1,,1,,,
2021-04-25,,,,,,,1,,,1,,,2,,3,3,1,2,3,1,,,,
2021-04-26,,,,,,,1,2,2,1,1,,,3,2,,2,2,2,4,,,,
2021-04-27,,,,,,,1,3,,3,,1,,,,,2,5,,,1,1,,
2021-04-28,,,,,,,1,4,1,,,,,1,1,,4,,1,,2,1,2,1
2021-04-29,,,,,,,1,2,,,,,,1,1,,2,4,,1,2,,,1
2021-04-30,,,,,,,1,2,1,1,1,1,1,1,2,1,2,2,4,2,,,,
2021-05-01,,,,,,1,,,,1,,1,,2,,,,4,,,,1,,
2021-05-02,,,,,,,,,1,,,1,4,2,,11,2,4,2,3,,,,
2021-05-03,,,,,,,1,,,1,,,,2,,,1,,,,,,1,
2021-05-04,,,,,,,1,3,,1,1,,,1,,,2,1,1,,1,1,,1
2021-05-05,,,,,,,1,2,1,,2,,,,,2,1,2,,1,,,,
2021-05-06,2,,,,,,1,3,1,,,,,,,,,1,2,2,,,,
2021-05-07,1,1,,,,,1,2,1,1,3,,,1,1,,1,1,1,,1,2,2,
2021-05-08,1,,,,,,,1,3,,1,,,1,,,,1,,,2,1,1,
2021-05-09,,,,,,,,,,,,2,2,2,,1,,2,,1,,,1,
2021-05-10,,,,,,,,2,2,,,,,,1,1,1,2,,3,2,,2,
2021-05-11,,,,,,,,4,1,2,,1,2,,,,1,,1,3,1,,,
2021-05-12,,,,,,,,2,2,,,1,,,,1,5,2,5,1,2,,,
2021-05-13,2,,,,,,,3,1,2,2,,1,,,,,1,2,4,,,,
2021-05-14,,,1,,,,,2,2,2,3,,1,,2,1,1,3,1,3,1,,,
2021-05-15,,,1,,,,,,2,2,,,,,,,1,1,2,,,,,
2021-05-16,,,,1,,,,,1,1,,2,1,2,3,1,1,2,1,2,1,1,,
2021-05-17,,1,,,,,,1,3,,,2,1,2,,2,,2,4,7,1,,,
2021-05-18,,,,1,,,,3,3,,,,,,4,1,,1,1,3,1,2,,
2021-05-19,1,,,1,,,1,3,2,2,1,1,,,,2,,1,2,2,1,,,1
2021-05-20,1,,,,,,1,2,3,,,,,,,1,,1,,1,,,,
2021-05-21,,,,,,,,3,2,,,,1,1,,,,,,1,,1,,
2021-05-22,1,,,,,,,,,2,,,,,2,,1,2,,1,1,1,,
2021-05-23,,,,,,,,,,,,5,,1,2,1,,1,3,1,,,,
2021-05-24,,,1,,,,,3,3,,,,1,5,,,1,5,2,3,,2,,
2021-05-25,,,,,,,,3,1,,,1,,1,2,,1,5,,,,3,,
2021-05-26,,,,,,,,3,2,,,,,,,3,,,,2,,,,
2021-05-27,,,,,,,,3,6,1,,1,,4,,2,2,2,5,4,,,,
2021-05-28,1,,,,,,,,2,2,1,1,,2,,1,3,,2,2,,1,4,
2021-05-29,,,,,,,,,,4,6,2,,,3,6,10,5,2,1,2,1,,
2021-05-30,,,,,,,,1,1,1,2,,,4,3,5,1,1,8,3,2,2,,
2021-05-31,1,,,,,,,1,1,,,2,,5,3,3,,4,8,4,1,,,
2021-06-01,,,,,,,,3,2,,,,,1,4,3,4,2,,1,2,,1,1
2021-06-02,,,,,,,,3,1,2,,,,4,5,3,1,3,1,4,2,6,1,
2021-06-03,,,,,,,1,3,1,,,1,1,1,1,1,1,2,4,4,4,2,,1
2021-06-04,,,,,,,,3,1,,1,1,2,,,11,,2,3,3,11,3,1,
2021-06-05,,,,,,,,,,1,5,1,,3,,,1,1,2,1,2,1,,
2021-06-06,,,,,,,,,,1,2,,2,,,,2,,2,,3,,,
2021-06-07,,,,,,,,3,1,,,,,2,3,,3,1,2,2,3,3,,
2021-06-08,,,,,,,,3,2,1,,1,,,2,,,3,3,5,2,3,,1
2021-06-09,,,,,,,,4,1,,,,,2,3,2,5,,1,4,2,1,,1
2021-06-10,1,1,,,,,,4,2,1,2,1,,,,,1,1,4,1,1,,1,
2021-06-11,,,,,,,1,2,2,1,,1,,,1,,,1,6,2,1,1,1,
2021-06-12,,,1,,,,1,,,3,,3,1,1,1,3,3,2,2,1,3,3,,
2021-06-13,,,,,,,1,,,,1,,7,2,2,3,2,1,2,2,4,1,,1
2021-06-14,,,,,,,,2,1,,1,,1,1,1,2,3,2,1,6,1,,,1
2021-06-15,1,,,,,,,3,2,1,,2,,,2,1,3,3,,2,2,1,,
2021-06-16,,1,,,,,,3,3,2,1,1,,,1,2,,1,5,3,4,,1,
2021-06-17,,1,,,,,,2,3,,1,1,,,1,,2,3,1,1,1,,,
2021-06-18,,,,,,,,2,1,1,1,1,,1,,,,2,3,,,2,1,1
2021-06-19,,,1,1,,,,,2,,,,1,2,,4,4,1,2,3,,3,,
2021-06-20,,,,,,,,1,1,,1,,1,2,6,3,2,1,,2,2,4,1,
2021-06-21,,1,,,,,,3,2,,,1,1,2,2,1,,,2,3,2,,1,
2021-06-22,,,,,,,,4,3,,,,,1,,3,,4,3,1,2,5,,
2021-06-23,,,,,,,,3,2,,,3,,,2,1,,6,3,3,1,,,
2021-06-24,2,,,,,,,2,3,,,,1,2,4,1,,3,1,6,1,,,
2021-06-25,1,,,,,,,2,2,,,,,,1,,,2,2,,2,,,
2021-06-26,,,1,,,,,,,,1,,,5,4,2,3,1,3,1,3,,,1
2021-06-27,,,,,,,,,1,,3,1,,3,3,3,4,4,2,1,1,,,
2021-06-28,,,,,,,,2,2,1,,,,1,4,3,4,3,1,,1,,,
2021-06-29,,,,,,,,2,1,1,,,1,,3,,2,1,4,1,2,1,,
2021-06-30,,,,,,,,2,1,1,,,,,2,,3,4,1,7,3,,,
2021-07-01,,,,,,,,5,1,,,,2,1,1,3,3,2,2,3,4,,,
2021-07-02,,,,1,,,,3,2,1,,2,2,1,,3,3,1,2,1,2,1,2,
2021-07-03,,,,,,,,2,1,1,1,1,5,,1,,2,3,2,7,,,,1
2021-07-04,,,,,,,,,,3,2,1,,1,,1,,1,2,1,,,,
2021-07-05,,,,,,,,,2,,,,,,1,,3,1,5,,4,1,1,
2021-07-06,,,,,,,1,1,1,,,,,2,1,2,2,1,4,3,5,,,
2021-07-07,,,,,,,,1,2,,1,1,2,1,1,2,,3,4,1,,,1,
2021-07-08,,,1,,,,,2,3,2,1,,,,1,,2,,3,9,2,3,,1
2021-07-09,,,,,,,,2,2,,,1,1,,1,4,3,3,5,10,5,3,,
2021-07-10,,,,,,,,,1,,1,1,1,3,1,8,2,1,6,4,4,2,,
2021-07-11,,,,,,,1,,,1,2,2,1,4,6,4,,3,2,1,1,,1,1
2021-07-12,,,,,,,,,2,,,,,,,2,,2,,,1,,,
2021-07-13,,1,,,,,,,1,,,2,,,4,2,,1,3,6,6,3,,
2021-07-14,,,,,,,,2,3,,,,1,2,2,8,4,4,2,6,1,1,1,
2021-07-15,,,,,,,,2,2,1,,,1,2,3,,1,3,1,8,4,4,,
2021-07-16,,,,,,,,2,1,1,1,,3,1,1,3,1,3,2,,5,4,1,
2021-07-17,,1,,,,,,3,,,4,1,1,,4,1,3,3,6,1,1,4,2,
2021-07-18,,,,,,,,,1,3,1,2,1,1,7,1,1,2,,1,2,4,2,1
2021-07-19,1,,,,,,,2,3,,,2,2,,,3,3,2,3,4,4,7,3,2
2021-07-20,,,,,,2,,4,3,,,2,1,,2,1,,2,2,5,4,1,2,
2021-07-21,,,,,,,,2,4,,,2,1,1,2,,2,2,3,,1,,2,
2021-07-22,,,,,,,,3,1,,,,,2,,1,2,4,1,3,4,1,,
2021-07-23,,,,,,,,1,3,1,2,2,,1,,2,4,1,1,,2,,,1
2021-07-24,,,,,,,,1,2,,3,,2,2,1,2,2,,5,1,3,1,1,
2021-07-25,,,,,,,,,1,,1,1,3,2,1,3,,2,2,2,,1,,
2021-07-26,,,,,,,,1,2,,1,,2,2,1,5,5,6,2,3,,2,,1
2021-07-27,2,,,,,,,2,1,1,,,1,2,4,1,4,2,2,2,3,,,
2021-07-28,,,,,,,,1,4,,,1,,1,,1,2,1,3,1,,,,
2021-07-29,,,,,,,,3,2,,,,1,,,,,,,1,,,,
2021-07-30,,,,,,,,,1,,,1,1,,2,,1,,,,1,,,
2021-07-31,,,,,,,,1,1,1,1,1,,2,1,2,4,2,1,4,1,,,
2021-08-01,,,,,,,,,,1,,,,,1,,1,6,,4,1,1,,
2021-08-02,,,,,,,,1,3,,,,1,4,3,2,2,,2,,3,,,
2021-08-03,1,,,,,,,2,3,,1,2,1,1,,2,2,1,4,4,1,2,,2
2021-08-04,1,,,,,,,2,3,,1,4,,,1,2,1,3,3,,1,2,,
2021-08-05,,,,,,,,4,1,,2,3,1,2,1,,2,2,1,2,2,,,
2021-08-06,,,,,,,,2,3,,,,,,2,2,2,,1,1,1,,,
2021-08-07,,,,,,,,,,,1,,,,1,,,3,2,,,,,
2021-08-08,,,,,,,,,,,1,3,,1,1,4,1,1,1,1,2,1,,
2021-08-09,,,,,,,,,3,1,,,1,,3,1,1,,3,2,1,,,
2021-08-10,,,,,,,,1,,,,,2,2,1,2,1,1,3,4,5,,1,
2021-08-11,,,,,,,,1,1,,3,,1,2,3,3,1,1,3,1,2,1,,
2021-08-12,,,,,,,,1,1,,1,1,1,1,,6,3,9,3,2,2,4,1,
2021-08-13,,,,,,,,2,4,,1,,2,,1,1,,1,2,3,,,1,
2021-08-14,,,,,,,1,1,,,1,,,2,2,1,2,2,3,1,2,2,1,
2021-08-15,,,,,,,,,,1,,1,2,,1,6,1,,2,1,3,,,
2021-08-16,,,,,,,,3,2,,1,1,3,1,2,4,4,1,,2,2,,1,
2021-08-17,,,,,,,,1,2,,,2,1,,2,3,1,7,1,3,7,2,,
2021-08-18,,,,,,,1,1,1,,,,,,,2,3,3,4,2,2,2,,
2021-08-19,,,,,1,,,1,1,,2,1,4,,1,,2,4,,2,2,1,,
2021-08-20,,,,,1,,,1,2,1,,1,4,1,,3,1,1,2,4,1,2,,
2021-08-21,,,,,,,,2,,,2,2,1,1,4,2,3,1,3,2,,,,
2021-08-22,,,,,,,,,,1,,,2,,2,6,1,1,2,4,,,,
2021-08-23,,,,,,,,,,3,,,1,,2,,5,4,5,2,4,1,1,1
2021-08-24,,,,,,,,,,,,1,1,,3,3,5,2,1,5,6,2,1,
2021-08-25,,,,,,,,,,,1,2,4,2,2,1,1,3,3,1,5,1,,
2021-08-26,,,,,,,,,,,2,,1,2,,1,3,,4,2,3,1,,
2021-08-27,,,,,,,,,,,,,,,1,,3,2,3,1,,,,
2021-09-02,,,,,,,,,,,,1,,1,2,,3,2,5,4,,,,
2021-09-03,,,,,,,,3,2,,,1,1,1,2,,2,2,3,,,,2,
2021-09-04,,,,,,,1,,1,,1,,,,2,3,,1,,1,,,,
2021-09-05,1,,,,,,,,1,1,,3,2,1,,1,1,3,6,5,2,,,
2021-09-06,,,,,,1,,3,,1,2,3,1,,,,2,6,1,3,1,,,
2021-09-07,,,,,,,,3,,,,,3,1,1,2,2,7,4,2,2,,,
2021-09-08,,,,,,,,2,2,2,1,,2,1,3,2,2,4,2,3,2,,2,
2021-09-09,,,,,,,,2,,1,3,2,1,,,1,1,3,,1,1,,,
2021-09-10,,,,,,,1,1,1,2,1,,,,,2,1,3,1,4,2,,1,
2021-09-11,,,,,,,,,2,,,1,,,,,,3,,3,2,2,,
2021-09-12,,,,,,,,1,,1,,,2,2,3,3,9,5,2,1,,,,
2021-09-13,,,,,,,,2,1,1,1,1,,3,,,3,2,2,2,,,,
2021-09-14,,,,,,,,1,,,1,,,,1,,1,,,3,,1,,
2021-09-15,,,,,,,,1,1,1,,,2,1,1,2,,1,,3,,1,,
2021-09-16,,,,,,,,2,,1,,2,1,,,1,4,3,3,3,1,,,
2021-09-17,,,,,,,,2,,,,4,,,2,2,3,3,2,3,,2,1,
2021-09-18,,,,,,,,,,2,2,,1,3,,1,1,5,1,3,1,2,,
2021-09-19,,,,,,,1,1,,1,,1,2,2,1,,2,2,2,2,5,,,
2021-09-20,,,,,,,,3,1,,1,1,,1,2,,3,2,6,2,2,2,,
2021-09-21,,,,,,,,2,1,2,,,,,,1,4,2,6,1,3,,,
2021-09-22,,,,,,,,2,,,,,2,1,2,1,2,3,1,1,1,,1,
2021-09-23,,,,,,,2,2,,2,,,3,,1,,5,2,3,4,,2,1,
2021-09-24,,,,,,,,4,,1,,,,,2,,3,2,1,3,2,1,,
2021-09-25,,,,,,,,,,,2,2,1,2,,1,6,2,,3,,1,,
2021-09-26,,,,,,,,1,,2,,2,1,2,,2,2,1,4,,1,,,
2021-09-27,,,,,,,,2,1,,1,,1,,2,,3,2,4,,,,,1
2021-09-28,,,,,,,,2,3,2,,1,1,,,,,1,1,1,1,,,
2021-09-29,,,,,,,,4,,2,2,1,1,,2,,2,3,3,3,1,,,
2021-09-30,,,,,,,,3,,,1,,2,,1,,,1,,2,1,,,
2021-10-01,,,,,,,,4,,,1,,1,,,1,,4,1,,1,,,1
2021-10-02,,,,,,,,,1,1,3,,1,,,,2,,,,,,,
2021-10-03,,,,,,,,1,,1,,,,1,4,1,,1,1,1,,,2,
2021-10-04,,,,,,,,2,2,1,1,1,2,,1,,2,2,1,1,1,2,,2
2021-10-05,,,,,,,,1,,1,2,,1,,,,,1,2,1,,,,
2021-10-06,,,,,,,,2,1,,1,,1,,,1,3,3,,3,,,1,
2021-10-07,1,,,,,,,1,2,1,1,,,1,,,1,2,4,1,,,,
2021-10-08,,,,,,,1,4,3,,1,1,,2,,1,3,,2,1,2,,1,
2021-10-09,1,,,,,,1,1,,,,1,2,,,,3,,2,,1,1,1,
2021-10-10,,,,,,,1,,1,,1,1,,,2,4,3,1,2,1,,,,
2021-10-11,,,,,,,,1,2,2,1,1,,1,,2,4,2,2,4,,,,1
2021-10-12,,,,,,,,3,1,1,2,3,1,2,,,2,1,1,2,,1,,
2021-10-13,,,,,,,,2,3,1,1,,,,1,2,2,3,1,2,,1,1,1
2021-10-14,,,,,,,2,2,2,1,,1,2,1,,,3,2,1,1,,,,
2021-10-15,,,,,,,,1,2,,,1,1,,1,1,2,1,,,1,,,
2021-10-16,,,,,,,,,,,2,1,,,4,2,2,1,1,2,,,,
2021-10-17,,,,,,,,,,,1,,,1,3,1,,2,5,,,,,1
2021-10-18,,,,,,,,3,1,,,1,,1,1,,3,1,,2,,,,
2021-10-19,,,,,,,,,1,,1,,2,2,,,4,2,1,3,1,,,
2021-10-20,,,,,,,,2,2,,,,1,,,1,3,3,2,,1,,,
2021-10-21,,,,,,,,2,2,,2,,,,,,,3,2,,,,,
2021-10-22,,,,,,,,2,3,,,1,2,,,,2,4,1,,,,,
2021-10-23,,,,1,,,,,,1,2,2,1,2,2,5,2,1,,,,1,,1
2021-10-24,,,,,,,,,3,,,1,1,,2,3,3,1,1,,1,,,
2021-10-25,,,,,,,1,1,1,,1,1,,2,1,2,5,5,3,,,,,
2021-10-26,,,,,,,,1,1,,,,1,3,,6,,5,1,1,1,2,1,
2021-10-27,1,,,,,,,2,1,,,1,1,2,,1,4,2,,,2,6,1,1
2021-10-28,,,,,,,1,2,2,,1,,,1,2,1,,3,1,,,,,
2021-10-29,,,,,,,,1,1,1,1,,1,,,2,,4,,3,1,,,
2021-10-30,,,,,,,,,,,,2,,1,1,1,,2,1,,,,,
2021-10-31,1,,,,,,,,,,,,2,1,1,1,,1,,,,,,
2021-11-01,,,,,,,,1,1,,,1,,,1,,,2,1,,,,,
2021-11-02,,,,,,1,,1,2,,1,,,,,,,2,3,2,,,,
2021-11-03,,,,,,1,,1,2,,1,,1,,,,2,7,1,1,,,,
2021-11-04,,,,,,1,,2,2,,1,,1,,,3,1,,1,,1,,1,1
2021-11-05,,,,,,1,,1,2,,1,1,1,,1,,1,1,2,1,,,,
2021-11-06,,,,,,,,,4,,1,3,,,,1,,1,,,,,,
2021-11-07,,,,,,1,1,,1,,,,2,1,2,3,1,1,3,,,,,
2021-11-08,,,,,,,,,1,,1,,1,,1,1,1,2,1,,,1,,
2021-11-09,,,,,,,,1,1,1,1,2,,2,,1,2,3,2,2,1,1,2,
2021-11-10,,,,,,,,1,1,,,,1,,,1,,5,1,2,1,,,
2021-11-11,,,,,,,,2,1,,1,,1,,2,,1,7,,3,2,,,2
2021-11-12,,,,,,,,1,1,,1,,,,1,2,1,,2,,2,,,2
2021-11-13,1,,,,,,,1,,1,,,2,1,2,4,1,,,,,,,
2021-11-14,,,1,,,,,,,2,1,2,,2,5,2,1,1,,,,,,1
2021-11-15,,,,,,,,1,3,1,,,2,,1,1,2,2,2,,1,,,1
2021-11-16,,,,,,,,1,1,2,,1,1,2,,,4,4,,3,1,1,,
2021-11-17,,1,,,1,,,1,2,2,1,,1,4,,1,3,2,1,1,,1,,
2021-11-18,,,,,,,,1,1,,,,,1,1,1,,1,3,1,,1,,
2021-11-19,,,,,,,,1,2,1,,2,1,,1,4,1,,,,,,,
2021-11-20,,,,,,,,,,1,1,,,1,1,1,2,1,,,,,1,
2021-11-21,,,,,,,,,,1,1,1,1,2,,,1,,,,,,,1
2021-11-22,,,,,,,,,2,,2,,,,1,1,5,3,1,,1,1,,
2021-11-23,,,,,,,,1,1,,1,,1,,,1,,1,4,2,1,,1,
2021-11-24,,,,,,2,,1,1,,,,,,,2,,4,1,,,1,,
2021-11-25,,,,,,1,,1,1,,1,,,,,,,2,3,,,,,
2021-11-26,2,,,,,,,1,1,,,,1,1,,4,2,3,1,,,,,
2021-11-27,,,,,,,,,,,,,,,,,,,,,,,,
2021-11-28,,,,,,,,,,,,,,,,,,,,,,,,
2021-11-29,,,,,,,,,,,,,,,,2,,,,,,,,
2021-11-30,,,,,,,,1,1,,1,,1,,1,1,,4,2,1,,,,
2021-12-01,,,,,,,,,1,,,,1,,,,1,2,1,,,,,
2021-12-02,,,,,,,,1,1,,,1,1,3,,,1,2,,2,,,,
2021-12-03,1,,,,,,,,1,1,1,1,,,,1,2,1,2,1,,,1,
2021-12-04,1,,,,,,1,,,1,,1,,,,,1,,,,,,,1
2021-12-05,,,,,,,1,1,,,,,3,2,1,,,2,,,,,,
2021-12-06,,,,,,,,,1,,,,,,,,,,1,,,,,
2021-12-07,1,,,,,,,1,1,,,,,,,2,,,,2,,,,
2021-12-08,,,,,,,,1,1,,,,,,,1,,1,,,,2,,
2021-12-09,,,,,,,,,2,2,,,,,2,,1,1,1,,,,,
2021-12-10,,,,,,,,1,,,1,,,,,1,1,,1,,,,1,
2021-12-11,1,,,,,,,,,,1,1,,,1,2,,1,,,1,,,
2021-12-12,,,,,,,,,3,,2,,1,1,,,,1,,3,,,,
2021-12-13,,,,,,,,,,,1,,1,1,1,1,1,2,1,,1,2,,
2021-12-14,,,,,,,,2,,,,,1,,1,2,4,1,1,,1,,,
2021-12-15,,,,,,,,1,1,1,,,,,,,2,4,1,6,,,,
2021-12-16,,,,,,,,1,1,1,,,2,,,1,,2,,,,,1,
2021-12-17,,,,,,,,1,,,1,2,1,,,1,,2,1,1,2,,,
2021-12-18,,,,,,,,,,,,1,1,,,4,,1,,,1,,1,
2021-12-19,,,,,,,,,,5,,,,,,1,,,,2,,,,
2021-12-20,,,,,,,,,,,1,,1,,1,2,1,1,2,,,,1,
2021-12-21,1,,,,,,,,,,,,,1,,,2,1,1,,,,,
2021-12-22,,,,,,,,,1,,1,,,1,1,,,1,,1,,,,
2021-12-23,,,,,,,1,,,1,,,,1,1,,1,2,1,,1,1,,
2021-12-24,,,,,,,,,,,,,,,3,,,,,,,,,
2021-12-25,,,,,,,,,,,1,,,,,1,1,,,,1,,,
2021-12-26,,,,,,,,,,,,,,,,,,1,,,,,,
2021-12-27,,,,,,,,,,,1,,,1,,,1,1,1,,,1,,
2021-12-28,,,,,,,,,,,,,2,1,3,1,,2,1,,1,,,1
2021-12-29,,,,,,,,1,,,,2,,,,3,,,2,1,,1,,
2021-12-30,,,,,,,,1,,,,,1,,,1,,1,2,,,2,,
2021-12-31,,,,,,,,,,1,,,,,,1,1,1,2,,2,,1,
2022-01-01,,,,,,,,,,,1,,,1,2,,4,3,2,,,,,
2022-01-02,,,,,,,,,,,,3,3,1,1,,2,,1,,4,,,
2022-01-03,,,,,,,,,,1,,1,2,3,1,1,2,2,3,1,,,,
2022-01-04,,,,,,,,2,1,,,,2,,,,,3,1,,,,,
2022-01-05,,,,,,,,1,1,,,,,,,2,2,,1,1,,,,
2022-01-06,,,,,,,,1,2,,,,,,,,1,,,1,,,,
2022-01-07,,,,,,,,,1,1,,,,,2,,3,2,,,,,,
2022-01-08,,,,,,,,,,,1,,,,,,2,1,1,2,1,,,
2022-01-09,,,,,,1,,,,,,,1,,,4,,1,1,,,,,1
2022-01-10,,,,,,1,,,2,,1,,,,1,,,4,4,,2,1,1,
2022-01-11,,,,,,2,,1,,1,2,1,,,,,2,2,,1,,,,
2022-01-12,,,,,,,,1,1,,1,1,1,,1,,,2,3,,1,1,,
2022-01-13,,,,,,,,1,1,,,1,,2,1,3,3,3,3,,,,,
2022-01-14,,,,,,,,,2,1,,,,1,,,2,2,,,,,,
2022-01-15,,,,,,,,,,1,,1,3,1,,1,1,3,,,,,,
2022-01-16,,,,,,,,,,4,,,,2,3,2,1,,1,,,,,
2022-01-17,,,,,,,,,1,1,,,,,1,,1,1,1,1,1,,,
2022-01-18,,,,,,,,1,,3,,,,1,,1,,2,2,,,,1,
2022-01-19,,,,,,,,1,1,,,,,1,,,2,,,2,1,,,
2022-01-20,,,,,,,,1,1,,1,,1,1,1,,,3,2,1,,,,
2022-01-21,1,,,,,,,,,,1,,,,,,1,3,,1,,,,
2022-01-22,,,,,,,,,,1,1,,1,1,2,,,2,,,1,2,,
2022-01-23,,,,,,,,1,,,2,1,1,,1,1,,,,,1,1,,
2022-01-24,,,,,,,,,2,3,,,1,1,1,,,3,,1,,,,
2022-01-25,,,,,,1,,1,2,,1,,,,,,1,3,,1,,,,
2022-01-26,,,,,,1,,1,1,,1,,1,,2,,2,5,2,1,,1,1,
2022-01-27,,,,,,1,,1,1,1,,2,,1,1,,3,2,,3,,,,
2022-01-28,,,,,,,,1,2,,,1,,,,2,2,2,2,1,,1,,
2022-01-29,,,,,,,,,,,1,1,,,,,,,1,,2,,,
2022-01-30,1,,,,,,,,1,,2,2,,2,1,2,1,1,,,,,,
2022-01-31,,,,,,,,1,2,,,,1,1,1,,1,3,,,2,,,
2022-02-01,,,,,,,,1,1,,,,,1,,,,1,,1,,,,
2022-02-02,,,,,,,,1,2,,1,,1,,,,1,1,3,,,,,1
2022-02-03,,,,,,,,1,1,1,,,,2,1,1,1,1,,,1,1,,
2022-02-04,,,,,,,,1,1,,1,,3,1,1,,2,1,,,,,,
2022-02-05,,,,,,,,,1,,1,,1,,,,1,,,,,,,
2022-02-06,,,,,,,,,,,,1,,,2,1,,,,1,,,,
2022-02-07,,,,,,,,,3,,1,,,2,,1,,1,2,2,,1,,
2022-02-08,,,,,,,,,1,,2,,1,1,,,1,3,,,,,,
2022-02-09,,,,,,1,,,1,1,,3,,,1,,,4,2,,,1,,
2022-02-10,,,,,,,1,,2,1,,,1,1,,,2,,1,,1,,,
2022-02-11,,,,,,,,1,1,1,,,,1,,,1,3,,1,1,,,
2022-02-12,,,,,,,,,3,1,1,,,1,1,1,1,1,,,,1,1,
2022-02-13,,,,,,,,,,,,1,1,1,1,,1,,,,,,1,
2022-02-14,,,,,,,,,3,,,,,,,,2,4,1,,,,,
2022-02-15,,,,,2,,,,2,,,1,,1,1,,1,1,4,2,,,,
2022-02-16,,,,,,,,,1,1,,,,,,,,2,,,,,,
2022-02-17,,,,,,,,,1,1,,,1,,,,1,3,,1,1,,,
2022-02-18,1,,,,,,,,1,,1,,,,,,1,,1,,,,,
2022-02-19,,,,,,,,,,,1,,1,1,,,,,,,,1,,
2022-02-20,,,,,,,,,,,1,,,,,,,1,,,,,,
2022-02-21,,,,,,,,1,1,,,1,1,,1,2,,2,1,,2,,,
2022-02-22,,,,,,,,1,3,,,1,2,,,1,1,1,1,,,,,1
2022-02-23,,,,,,,,,2,,,1,,,1,1,1,2,,,,,1,
2022-02-24,,,,,,,,,2,,,,,,1,,1,1,2,,2,,,
2022-02-25,,,,,,,,,3,,,1,,1,1,1,,,,1,,,,
2022-02-26,,,,,,,,,,,,1,,,1,1,,1,,2,1,,,
2022-02-27,,,,,,,,,,,1,1,,2,1,,,,,,1,,,
2022-02-28,,,,,,,,1,,,1,,,,1,,1,,3,,,,,
2022-03-01,,,,,,,,3,1,,2,1,1,1,1,,1,1,1,,1,,,
2022-03-02,,,,,,,,1,1,1,1,1,1,1,1,,1,,1,,,1,,
2022-03-03,,,,,,,,1,,,2,1,1,,,,,1,3,,,1,,
2022-03-04,,,,,,,,1,,,1,,,,2,1,2,1,2,,,,,1
2022-03-05,,,,,,,,,,,1,1,,,,,,1,1,1,1,1,,1
2022-03-06,,,,,,,,,,1,,2,,,4,2,,3,,3,3,1,1,
2022-03-07,,,,,,,,,1,,,,,1,,1,,2,3,,,,,
2022-03-08,,,,,,1,,1,,,2,1,,1,,2,,4,2,1,,1,1,1
2022-03-09,,,,,,,,1,,3,1,,,1,1,,2,3,3,,3,,,
2022-03-10,,,,,,,,,,1,1,1,,,1,1,2,5,1,,,,,
2022-03-11,,,,,,,1,2,,,,,,1,,2,2,,2,1,,1,,
2022-03-12,,,,,,,,,1,1,3,2,2,1,2,1,1,2,2,2,,1,,
2022-03-13,1,,,,,,,,,,2,1,,,1,3,1,,,2,,,,
2022-03-14,,,,,,,,2,3,,1,1,1,1,1,1,,3,,1,,,,
2022-03-15,,,,,,,,1,1,,3,,,,1,2,,5,5,,,,1,
2022-03-16,,,,,,,,,2,1,2,,1,1,,,1,5,1,1,,1,,
2022-03-17,,,,,,,,1,2,2,1,,1,1,1,4,1,2,,,1,1,,
2022-03-18,,,,,,,,3,2,,1,1,,2,,3,3,3,1,1,,,,
2022-03-19,,,,,,,,,,,1,3,,1,1,2,,3,4,2,,,1,
2022-03-20,,,,1,,1,,,,1,1,3,,1,1,1,1,2,1,3,,2,2,
2022-03-21,,,,,,,,,5,2,3,1,3,2,,,,3,3,1,1,,,
2022-03-22,,,,,,,,,1,4,1,,,,1,1,1,2,4,,,,,
2022-03-23,,,,,,,,,1,3,1,1,,2,2,,2,5,2,,,1,,
2022-03-24,,,,,,,,,1,3,,,1,,,,2,4,1,2,1,,,
2022-03-25,,,,,,,,,2,1,3,2,1,,1,2,2,4,1,3,1,2,,
2022-03-26,,,,1,,,,,1,,3,,1,3,4,1,,3,2,4,,1,1,
2022-03-27,1,,,1,,,,,,2,1,1,6,10,2,2,2,1,1,1,2,1,,
2022-03-28,,,,,,,,,4,1,,1,,,2,,2,4,4,1,1,,,
2022-03-29,,,,,,,,,2,2,3,,2,1,2,1,5,7,2,,1,,1,
2022-03-30,,,,,,,,,3,,2,,,,,,,1,,,2,,,
2022-03-31,,,,,,,,,1,,1,1,,,1,4,1,1,3,1,1,,1,
2022-04-01,,,,,,,,,,1,3,,,,,,3,1,1,,,,,
2022-04-02,,,,,,,,,,2,2,1,2,2,1,1,2,,1,,,,,
2022-04-03,,,,,,,,,,,,,1,2,,,1,2,,,,,1,
2022-04-04,,,,,,,,,,1,1,1,,,1,,1,3,2,,,,,
2022-04-05,,,,,,,,,1,,3,1,,,,1,3,,2,,,,,
2022-04-06,,,,,,,1,,,,2,1,,2,1,,1,1,2,,,,,
2022-04-07,,,,,,,,,,,2,1,2,,2,1,1,3,1,,1,,,
2022-04-08,,,,,,,,1,1,,1,1,,3,,2,1,3,,1,,2,,
2022-04-09,,,,,,,,,,,1,1,2,1,1,1,,1,,2,,1,,
2022-04-10,,,,,,,,,,1,1,1,1,3,4,2,1,,2,3,,,,1
2022-04-11,,,,,,,,,1,,3,2,,1,1,2,,1,1,,,1,,
2022-04-12,,,,,4,,,1,1,2,1,1,,,,2,1,2,2,1,,2,,
2022-04-13,,,,,,,1,2,,1,1,1,1,,1,1,2,1,2,3,2,,,
2022-04-14,1,,,,,,,,3,,2,2,2,1,,,1,1,1,1,1,1,1,
2022-04-15,,,,,,,,,,,,1,1,,1,,2,2,4,2,,,1,1
2022-04-16,,,,,,,,,,,,1,,1,8,1,5,3,3,,2,1,,2
2022-04-17,,1,,,,,,,,,1,3,4,,,,1,5,1,2,1,,1,
2022-04-18,,,,,,,,,,,2,,1,2,3,1,,,4,1,1,,,
2022-04-19,,,1,,1,,,1,,1,3,,2,,1,3,2,2,3,5,1,1,,
2022-04-20,,,,,,,,1,,,1,,1,1,3,,4,6,2,3,1,,,
2022-04-21,,,,,,,,2,3,,3,1,,,,1,3,4,,1,1,,1,
2022-04-22,,,,,,,1,1,1,,2,2,2,1,4,,2,3,1,2,,3,2,
2022-04-23,,,,1,,,,2,,1,,,2,,,3,,,1,,1,,1,
2022-04-24,,,,,,,,,,2,,1,,2,6,1,2,4,,1,3,,,2
2022-04-25,1,,,,,,1,1,2,,2,,3,1,1,1,,2,1,,,,,
2022-04-26,,,,,,,,2,1,,3,,2,2,,2,1,6,2,2,1,,,
2022-04-27,,,,,,,,1,,,3,,,,,3,2,3,3,1,,2,,
2022-04-28,,,,,,,,2,,1,1,,2,,1,1,4,2,2,2,,1,3,
2022-04-29,,,,1,,,1,1,1,,2,,2,,,,3,7,2,2,1,1,1,2
2022-04-30,,,,,,,,,,,,,1,,9,4,1,2,1,1,,1,,
2022-05-01,,,,,,,,,,,,,1,,1,,2,3,1,4,1,1,,
2022-05-02,,,,,,,,,1,,2,2,1,1,1,1,,1,2,1,1,,,
2022-05-03,,,,,,,,,1,,4,,3,,1,,1,5,3,2,,,,
2022-05-04,,,,,,,,1,1,,3,,1,,,2,2,4,2,3,2,,,
2022-05-05,,,,,,,,1,,,2,,,1,1,,1,10,3,1,1,,1,
2022-05-06,1,,,,,,1,1,,,3,3,,,,2,3,2,1,1,,,,
2022-05-07,,,,,1,,,,,,3,,1,1,2,2,,4,1,3,3,1,,3
2022-05-08,1,,,,,,1,,,,1,1,,1,2,1,1,,2,,1,,1,1
2022-05-09,,,,,,,1,2,3,,2,1,3,,1,1,2,3,3,1,4,,,
2022-05-10,,,,1,1,,1,1,2,,2,2,2,,,1,1,6,4,1,,,1,
2022-05-11,,,,,,,1,1,,1,1,,1,,,,4,3,3,3,4,3,,
2022-05-12,,,,,,,1,1,1,,1,1,2,,2,,5,7,7,3,2,,,
2022-05-13,1,,,,,2,3,1,3,1,1,,,,,1,6,7,4,1,,,,
2022-05-14,,,,,,1,,,,1,1,2,1,2,3,4,3,2,6,1,3,4,,
2022-05-15,1,,,,,,,,,,,2,,2,1,,1,3,6,2,,,,1
2022-05-16,1,,,,,,,,2,,1,,1,,,2,,5,1,,1,,,
2022-05-17,,,,,,,,3,,2,1,2,3,,2,2,2,4,3,1,1,1,,
2022-05-18,2,,,,,,,1,3,,1,1,1,2,2,,4,2,6,1,,,,1
2022-05-19,,,,,,,,,,4,,,2,2,2,3,2,5,3,1,2,2,,1
2022-05-20,2,,,,,,1,1,4,2,1,1,1,,,3,2,5,2,,1,3,,1
2022-05-21,,,,,,1,,,,3,3,2,1,1,2,,2,3,4,2,5,1,3,
2022-05-22,,,,,,1,,,,2,1,2,,,2,4,2,,5,1,,1,1,
2022-05-23,,,,,,,,,3,,2,,2,2,,4,1,7,2,,1,,,
2022-05-24,1,,,,,,,2,1,3,,,1,,,1,2,5,6,1,,3,,
2022-05-25,1,,,,,,,,4,1,,,,,,1,1,2,3,,,2,,
2022-05-26,1,,,,,,,1,1,3,,,1,2,2,3,3,4,4,,2,2,,
2022-05-27,,,,,,,1,,,1,,1,1,,1,,4,2,1,1,,4,,
2022-05-28,,,,,,,,,,1,2,1,2,1,1,1,2,3,2,3,2,,,1
2022-05-29,,,,,,,,,,,2,1,,1,2,4,3,,3,1,1,1,,
2022-05-30,,,,,,,,,,,,,1,1,1,1,1,2,2,,1,2,,
2022-05-31,1,,,,,,,1,,,1,1,1,,,1,2,,8,,,,,1
2022-06-01,,,,,,,,2,,,1,,1,2,1,,2,3,2,1,1,1,1,
2022-06-02,2,,,,,,2,,,,,,1,3,1,2,,1,3,2,,2,5,1
2022-06-03,,,,,,,,,,,,1,,1,2,1,4,5,2,,1,1,1,1
2022-06-04,,,,,,,,,,,1,,1,4,,4,1,2,1,1,2,2,,
2022-06-05,,,,,,,,,,,1,,,3,,1,1,,,,1,,,
2022-06-06,,,,,,,,,1,,3,,2,,,2,1,2,5,,3,1,3,
2022-06-07,1,,,,,1,,1,1,,1,,2,1,,,4,2,5,1,1,3,2,1
2022-06-08,1,,,,,,,1,1,1,,1,1,,2,,2,2,4,,3,,,1
2022-06-09,,,,,,,,1,1,,2,,1,,2,1,2,3,3,2,1,1,1,
2022-06-10,,,,,,,1,1,2,,,2,2,,,,3,3,4,2,,1,4,1
2022-06-11,,,,,,,,,,,1,3,2,3,4,2,2,4,1,1,1,,,
2022-06-12,,,,,,,,,,1,,2,1,1,1,1,,2,1,,1,1,,
2022-06-13,,,,,1,1,,,3,1,,1,,,,1,2,4,5,1,1,1,1,
2022-06-14,1,,,,,,,1,2,1,,,1,,1,2,3,3,2,1,3,3,2,1
2022-06-15,,,,,,,,1,3,,1,,,1,2,1,6,4,1,1,1,,,
2022-06-16,1,,,,,,,1,1,1,,,1,1,2,,3,4,1,2,,2,2,
2022-06-17,,,,,,,,,2,2,2,1,4,,2,3,6,2,4,3,2,2,1,
2022-06-18,,,,,,,,2,1,2,2,2,,,,5,2,3,,1,2,1,1,1
2022-06-19,1,,,,,,,,,,4,,3,1,3,1,,,1,2,4,2,,
2022-06-20,,,,,,,1,1,2,1,,,3,,4,,2,9,3,1,2,5,3,1
2022-06-21,,,,,,,2,3,1,1,,2,1,,,1,4,4,8,2,5,2,1,
2022-06-22,,,,,,1,1,2,1,,1,1,1,1,2,,2,7,7,1,1,,1,
2022-06-23,,,,,,1,,2,1,2,4,1,1,1,1,1,,2,2,2,5,,1,
2022-06-24,,,,,,,2,,3,,2,1,2,,,3,2,1,,,,2,3,
2022-06-25,,,,,,,,,,,1,,2,2,3,5,1,1,2,3,2,1,1,1
2022-06-26,,,,,,,1,1,,3,,1,1,7,1,1,3,1,1,,2,3,,
2022-06-27,,,,,,,2,,1,1,,2,,,1,1,2,1,5,3,6,2,,
2022-06-28,,,,,,,1,2,1,,,1,1,,,1,3,6,8,10,2,2,,
2022-06-29,,,,,,,1,1,1,2,,,,1,,1,3,2,1,,1,1,3,
2022-06-30,1,,,1,,1,1,1,1,,1,2,,1,1,,6,3,,1,,1,,
2022-07-01,,,,,,2,,,1,,,1,,,1,1,3,1,1,1,,1,,2
2022-07-02,,,,,,,,,,,2,1,1,,1,4,1,6,3,5,6,3,4,
2022-07-03,,,,,,,1,1,,,,6,1,2,2,2,2,4,4,3,2,1,,
2022-07-04,,,,,,,,,1,,1,,6,4,3,,,6,1,1,1,2,,
2022-07-05,,,,,,,,1,1,2,2,,,2,,,5,7,4,3,3,1,1,
2022-07-06,,1,,,,,,2,4,1,,1,2,4,2,,2,3,4,,4,2,,1
2022-07-07,,,,,,,1,1,2,2,,2,1,1,,2,3,3,2,5,2,3,1,
2022-07-08,,,,,,,1,,3,1,2,2,,1,3,,5,2,3,6,4,3,1,4
2022-07-09,,,,,,,,,1,1,2,2,,,6,,1,3,,6,8,2,1,
2022-07-10,,,,,,1,,,,,,1,1,4,2,6,1,1,1,3,1,,,1
2022-07-11,,,,,,,1,1,,,,1,2,,2,1,2,3,7,6,2,2,1,
2022-07-12,1,,,,,,1,1,3,1,2,,,,,,5,4,5,2,5,,1,
2022-07-13,1,,,1,,,3,1,2,,,1,,,,4,2,3,1,5,2,5,2,
2022-07-14,,1,,,1,,1,1,1,1,1,,6,,3,2,2,5,3,5,3,5,2,
2022-07-15,,,,,,,1,,2,1,,3,1,1,2,2,,8,5,,4,,1,
2022-07-16,,,,,,,,,,,1,1,1,1,3,4,3,1,4,6,6,1,1,
2022-07-17,1,,,,,,,,,,1,1,1,2,2,1,6,1,,3,1,1,,
2022-07-18,,,,,,,2,,2,,1,,1,3,1,,4,1,7,3,5,3,1,
2022-07-19,1,,,,5,,1,1,,1,,1,,2,3,,4,1,3,3,3,5,,
2022-07-20,,,,1,,,2,1,4,1,2,,2,,1,1,3,5,1,1,3,3,,
2022-07-21,,,,,,,1,1,1,3,1,,1,1,3,2,1,4,3,,,,,
2022-07-22,,,,2,,,1,,2,,,,,1,2,3,,1,1,2,4,2,,
2022-07-23,,,,,,,,2,,1,,2,,1,5,5,1,3,2,,2,,1,
2022-07-24,,,,,,,,,,,2,1,1,,1,2,,2,,,,2,,1
2022-07-25,,,,1,,,1,,2,1,,,,1,,5,4,2,4,2,2,,,
2022-07-26,,,,1,,,1,1,,,,,2,,1,,,3,4,,1,,,
2022-07-27,,,,1,,,1,1,,,1,,,2,,1,2,3,5,2,2,2,,
2022-07-28,,,,1,,,1,2,,,1,,1,1,,,4,8,2,1,2,2,,
2022-07-29,,,,,2,,,,1,,,,1,,,1,5,3,3,4,2,3,,
2022-07-30,,,1,,,,,,,2,2,,2,2,,,3,,1,2,,1,2,
2022-07-31,,,,,,,,,,,2,,1,2,2,2,4,3,2,3,4,,4,
2022-08-01,,,,1,,,1,,,3,,,,1,1,3,3,7,3,2,1,3,1,
2022-08-02,,,,1,9,,,1,1,,1,1,,1,1,5,3,3,5,1,4,,1,
2022-08-03,,,,1,,,1,1,,2,,,1,2,5,2,3,2,3,1,1,4,2,2
2022-08-04,,,,1,,,1,1,,2,1,,,3,4,4,2,4,3,2,3,2,2,
2022-08-05,,,,,1,,1,,,1,1,,1,,,3,1,2,1,4,1,,1,
2022-08-06,,,,,,,,1,,,1,3,1,1,2,2,3,1,1,1,2,,,
2022-08-07,,,,,,,1,,,1,,,1,,8,,1,1,2,3,3,1,2,
2022-08-08,,,,1,,,1,,1,1,,1,1,2,4,2,,2,6,,,1,1,
2022-08-09,,,,1,,,2,1,,2,,1,1,1,4,1,3,2,2,4,,2,2,
2022-08-10,,,,,,,3,,,2,1,,2,1,1,1,2,3,,,7,5,,
2022-08-11,,,,,,,1,1,2,2,1,,3,1,3,2,,3,,2,4,1,,
2022-08-12,,,1,,1,,1,1,,1,1,,,,2,4,1,2,1,2,3,1,1,
2022-08-13,,,,,,,,,2,1,1,1,1,1,2,4,2,1,2,3,1,,,
2022-08-14,,1,,,,,,,,1,1,,2,1,1,,,1,,3,2,,1,
2022-08-15,,,,,,,1,,1,,1,,,,2,2,3,3,,1,,,2,
2022-08-16,,,,,2,,1,1,,1,1,,1,,,3,1,2,3,5,,1,,
2022-08-17,,1,,,,1,1,1,1,2,,2,,1,4,,,4,4,1,,1,2,
2022-08-18,,,,1,,,2,1,,1,1,1,1,1,1,1,1,4,2,2,2,1,2,
2022-08-19,,,,1,,,3,1,2,2,1,1,1,1,,2,3,4,1,,1,1,1,
2022-08-20,,,,,,,,,,3,,,3,1,2,2,2,,1,,3,1,1,1
2022-08-21,,,,,,,1,1,,2,2,1,2,,1,,5,1,2,1,1,,,
2022-08-22,,,,1,,,2,,1,1,,1,1,,1,2,,4,,2,2,1,,
2022-08-23,,,,,,,2,,1,,,,,2,1,4,,4,7,3,1,2,,
2022-08-24,,,,1,,,2,2,,,3,,2,1,5,,1,3,6,6,2,3,,
2022-08-25,,,,1,,,1,1,,2,,2,1,1,1,2,2,3,1,2,3,3,,
2022-08-26,,,,,,,2,1,,,,4,,,2,1,,5,4,,3,4,,
2022-08-27,,,,,,,,,,,1,2,2,3,5,1,1,2,2,2,2,1,1,
2022-08-28,1,,,,,,,,1,,,2,,1,1,1,4,,4,2,1,1,,
2022-08-29,,,,,,,,1,,2,1,1,1,4,2,2,,3,1,,2,1,,
2022-08-30,,,1,,2,,2,,,1,1,1,,1,,2,,1,4,,2,,2,
2022-08-31,,,,,,1,1,,1,2,,,2,1,2,,5,3,6,2,2,2,1,1
2022-09-01,,,,1,,,2,1,,,,,,,2,,5,5,4,7,,1,1,
2022-09-02,,,,,,,1,1,1,1,,1,2,1,2,2,1,5,2,,2,1,1,
2022-09-03,2,,1,,,,,,1,,,,1,1,5,,2,1,1,2,2,2,,
2022-09-04,1,,,,,,,,,,1,1,,1,1,1,1,2,2,3,1,,,
2022-09-05,1,,1,,,,,1,,1,1,2,,1,1,4,4,5,3,1,4,,,
2022-09-06,,,1,,,,1,1,,1,,,,,4,1,6,6,4,2,,1,,
2022-09-07,,3,,1,,,2,2,2,,,,2,2,2,2,4,8,,,1,,1,
2022-09-08,,1,,1,,,1,1,1,1,2,,2,1,2,1,4,3,3,1,2,,,
2022-09-09,,,,,,1,1,,1,2,,2,,1,3,1,1,6,6,2,,,,
2022-09-10,,1,,,,2,,1,2,,,,5,6,2,,1,2,1,3,3,2,,
2022-09-11,1,,,,,,,,,,1,2,2,,,3,1,2,1,2,1,,,
2022-09-12,,,,1,,1,1,1,,1,1,,,1,,1,2,2,,1,1,1,3,1
2022-09-13,,,,,,,1,1,,1,1,1,1,,2,2,3,5,4,3,3,1,1,
2022-09-14,1,,,1,,,2,2,4,1,,1,2,,2,,2,8,5,4,3,,1,
2022-09-15,,1,,1,,,1,1,1,,,,,1,1,,,3,3,1,,2,1,
2022-09-16,,1,1,,1,,2,,1,,,,,1,1,,1,6,3,4,2,2,,
2022-09-17,,,,,,,,1,,,,,1,5,4,,,2,1,5,,,,
2022-09-18,,,,,,,,,1,,2,5,3,1,2,2,1,2,,,,,,
2022-09-19,1,,,,,,1,,,,,2,5,2,3,3,2,4,1,1,,2,2,
2022-09-20,,,,,,,2,1,,2,1,,,,2,,1,8,1,2,1,2,1,
2022-09-21,3,,1,1,,,1,3,4,1,,,,1,5,,3,5,5,2,5,4,,
2022-09-22,,,,1,,,1,1,2,1,1,,,,2,,3,2,1,,1,,,
2022-09-23,1,,,,,,2,2,4,2,,1,1,1,1,,1,4,,2,,2,,1
2022-09-24,,,,,,,1,,,,1,1,4,4,1,3,2,1,5,3,2,1,,
2022-09-25,,,,,1,,1,1,,,,1,1,1,1,1,,1,,,,2,,
2022-09-26,,1,,,,,1,,3,,,1,,1,3,1,3,5,3,1,,,,
2022-09-27,,,,,1,,1,2,2,2,,,3,,4,,4,9,1,3,,,2,
2022-09-28,,,,,,1,2,1,1,1,,1,1,,1,1,2,3,1,1,,,,
2022-09-29,,,,,,,1,1,3,2,1,2,,,1,3,3,2,4,3,,,,
2022-09-30,1,,,1,,,1,,1,,,,,,2,2,,,3,1,1,,,
2022-10-01,,,,,,,,,,,2,1,1,,2,2,,3,1,,,,2,
2022-10-02,,,,,,,1,,,,2,,1,3,1,2,1,3,2,,2,,2,
2022-10-03,1,,,1,,,1,,3,1,1,,,1,1,2,1,5,5,2,2,,1,
2022-10-04,,,,1,,,1,2,1,,,2,1,1,1,,2,3,3,1,1,1,,1
2022-10-05,,,,,,,,1,1,1,1,1,,,1,2,3,4,2,1,1,1,,
2022-10-06,,,,1,,,1,1,3,1,,1,,,3,3,1,1,2,2,1,,,
2022-10-07,,,,1,,,1,,2,,1,,,,,4,2,2,1,1,,,,
2022-10-08,,1,,,,,1,,,,,1,,2,2,4,,1,6,2,,,2,1
2022-10-09,,,,,,,,,,,3,2,1,,2,1,3,1,2,2,,,,
2022-10-10,,,,1,,,2,,1,,1,,,1,,2,1,2,1,1,1,1,1,
2022-10-11,,,,,5,1,1,2,1,2,,1,,3,,2,3,4,1,,1,1,1,
2022-10-12,1,,,,,,1,1,2,,,,,,,1,,5,4,,1,,,
2022-10-13,,,,,,,1,1,2,,2,1,2,,3,3,4,4,1,1,,,1,
2022-10-14,,,,1,,,1,,1,,1,,2,,,1,,2,1,1,1,,,
2022-10-15,,,,,,,,,,1,1,1,,1,1,1,,,1,1,,,,
2022-10-16,,,1,,,1,,,1,,3,2,1,2,2,2,3,1,3,4,,,,
2022-10-17,,1,,1,,,1,1,1,,2,2,,,,1,,4,5,1,,1,1,
2022-10-18,,,,1,,,,1,1,1,1,1,1,,1,2,1,5,5,1,,,2,
2022-10-19,,,,1,,,,1,,2,1,,1,,2,1,4,7,1,,1,2,,1
2022-10-20,,1,,2,1,,,1,,1,,,,,,1,1,4,1,1,,1,2,
2022-10-21,,,,,,,1,1,,1,2,1,,,1,1,1,,4,,,,1,2
2022-10-22,,,,,,,,,,3,,1,1,1,2,2,2,3,2,1,2,1,1,
2022-10-23,,,,,,,,,,,,1,,,1,,,,3,,1,,1,
2022-10-24,,,,,,,,,,1,,,1,1,2,1,3,1,3,1,,1,,
2022-10-25,1,,1,1,2,,,1,,,,,,1,1,2,3,3,2,4,,1,,
2022-10-26,,,1,,,,,1,,1,,,,,1,1,3,3,2,1,,1,,1
2022-10-27,,1,1,,,,,1,,,,,,1,,1,2,1,1,,,,,
2022-10-28,,,,,,,,1,1,,,4,,,1,,,2,,,,1,1,
2022-10-29,,,,,,,,,,,,,,1,1,2,1,3,,1,,,,
2022-10-30,,,,,,,,,,,,3,2,,2,,2,2,1,1,,1,,
2022-10-31,,,,,,,,1,1,2,1,2,2,1,1,,3,1,1,,1,,,
2022-11-01,,,,,,,,1,1,,1,,,,,,4,2,3,1,2,1,,
2022-11-02,,,,,,,,1,2,,,,,1,,2,2,2,2,1,,1,,
2022-11-03,,,,,,,,1,,1,1,,,,,1,1,5,2,,,1,,
2022-11-04,1,,,,,,,,,,,1,1,,2,3,4,,2,,,,1,
2022-11-05,,,,,,,,,,1,,,,1,1,1,,3,,,,,,
2022-11-06,,,,,,,,,,,,1,1,1,,1,,,1,1,2,1,,
2022-11-07,,,,,,,1,,3,,1,,1,1,2,,3,6,2,1,1,2,,
2022-11-08,,,,,1,,1,,1,1,,1,,3,,2,3,3,,1,1,1,,
2022-11-09,,,,,,,1,1,,1,,1,1,1,1,,,1,2,1,,1,,
2022-11-10,,,,,,,,1,,2,1,1,,,2,2,1,2,3,1,1,1,,
2022-11-11,,,,,,,,,1,,,,,,,1,4,1,,,,,,
2022-11-12,,,,,,,1,,,1,,3,1,3,,2,1,3,2,1,2,,,
2022-11-13,,,1,,,,,,,,,1,,1,1,4,,1,1,,,1,,
2022-11-14,,,1,,,,,,1,,,1,,,,1,2,1,1,,,,,
2022-11-15,,1,,,,,,1,,,,1,,,1,1,1,1,3,,,,,
2022-11-16,,,,,,,,1,,,1,1,,1,3,1,1,2,2,,1,,1,
2022-11-17,,,,,,,,1,,,,,,,,,1,1,,,,,,
2022-11-18,,,1,,,,,,,,1,1,1,,2,3,2,1,,,2,,1,
2022-11-19,,,,,,,,,1,,1,1,,1,,1,1,,,1,1,,,
2022-11-20,1,,,,,,,,1,,,,1,3,,1,2,,,,1,1,,
2022-11-21,,,,,,,,1,,,,1,,,,2,1,1,,,,,,
2022-11-22,,,,,,,,1,,,,,1,1,,1,1,3,1,1,,1,1,
2022-11-23,,,,,,,,1,,,,,1,,1,1,,,,,1,,1,
2022-11-24,,,,,,,,1,,,,,1,1,,,2,,2,,,,1,
2022-11-25,,,,,,,,1,,,1,,1,,,,,1,,,1,,,
2022-11-26,,,,,,,,,,,,1,3,,,2,1,1,,,,,,
2022-11-27,,,,,,,,,,1,1,2,1,3,,1,1,,,,,,,
2022-11-28,,,,,,,,,,,2,,,,1,1,1,1,2,,1,2,,
2022-11-29,,,,,,,,1,,,1,1,1,,1,1,1,3,1,,,,,
2022-11-30,,,,,,,,1,1,,,1,,,1,2,1,2,1,,,1,,
2022-12-01,,,,,,,,1,,,,,,,1,1,2,1,1,,,1,,
2022-12-02,,,,,,,,1,,,,,1,,3,,3,,,,,,,
2022-12-03,,,,,,,,,,,,2,,3,1,1,1,,,,,1,,
2022-12-04,,,,,,,,,1,,,1,1,,,1,,,,1,1,,,
2022-12-05,,,,,,,,,,,,,,,1,,1,1,,3,,,1,
2022-12-06,,,,,2,,,1,,2,,,,1,1,,,2,,1,,,1,
2022-12-07,,,,,,,,1,,,,2,,,,1,4,3,2,2,,,1,
2022-12-08,,,,,,,,1,,,,1,1,,,,3,1,,,,,,
2022-12-09,,,,,,,,1,,1,,,,,1,,3,2,,,,,,
2022-12-10,,,,,,,,,,,,,,,,1,1,,,,,,,
2022-12-11,,,,,,,,,,,,,,,,1,2,2,2,,2,,,
2022-12-12,,,,,,,,,,,,,,1,2,,3,,1,1,,,,
2022-12-13,,,,,,,,,1,,,,,,1,,1,1,2,,1,,,
2022-12-14,,,1,,,,,1,,,,,1,,1,,,1,,,,1,,
2022-12-15,,,,,,,,1,1,,,,,,1,,2,,,,,,,
2022-12-16,,,,,,,,1,,,1,,,1,2,,3,,,2,,1,,
2022-12-17,,,,,,,,,,,,,1,,,1,2,,1,1,,,,
2022-12-18,,,,,,,,,,,,1,,,,,,,,,1,,,
2022-12-19,,,,,,,,,,,,1,,1,2,,2,1,,,,,1,
2022-12-20,,,,,1,,,,1,,,1,,2,,1,,1,,1,,,1,
2022-12-21,,,,,,,,1,,,,,,,1,1,1,2,,,,,,
2022-12-22,,,,,,,1,1,,,,,,,,2,1,1,1,,,1,,
2022-12-23,,,,,,,1,,,,1,,,,,,,,,,,,,2
2022-12-24,,,,,,,,,1,2,1,,1,,3,2,1,,,,,,,
2022-12-25,,,,,,,,1,,,,,2,,,1,,,,1,,,,1
2022-12-26,,,,,,,,,,,,,,1,,1,,,,,,,,
2022-12-27,,,,,,,,,,,,1,,1,,1,,2,,,,,,
2022-12-28,,,,,,,,1,,,1,1,,,,,,2,,,,,1,
2022-12-29,,,,,,,,1,,,,1,,1,1,,,1,1,,,,,
2022-12-30,,,,,,,,,1,,,1,,,1,,1,3,1,,1,,,
2022-12-31,,,,,,,,,1,,,,1,,1,1,,,1,,1,,,
2023-01-01,,,,,,,,1,,1,1,,,,1,1,2,,,,,,,
2023-01-02,,,,,,,,,,1,,1,1,1,1,1,1,1,,1,1,,1,
2023-01-03,,1,,,,,,,,1,,1,,2,,,2,2,1,,,,1,
2023-01-04,,,,,,,1,,,,,,1,1,,,1,2,,1,,,1,
2023-01-05,,,,,,1,2,,1,1,,,,,,1,1,2,2,1,,,2,
2023-01-06,,,,1,,,1,,,1,,,,2,,,1,,2,1,1,,,
2023-01-07,,,,,,,,,,,1,,1,,,3,,2,1,,1,,,
2023-01-08,1,,,,,,,,,,,1,1,,2,1,2,1,,1,,,,
2023-01-09,,,,,,,1,3,,1,,,1,,1,,4,,2,,,,,
2023-01-10,,,1,,,,,2,,,,1,,1,2,,2,1,1,,,,,
2023-01-11,,,,,,,,4,1,,,,1,,2,,1,3,2,,,1,,
2023-01-12,,,,,,,1,1,3,,,1,1,1,1,1,1,1,,,1,,,
2023-01-13,,,,,,,,1,,,,,1,,1,,3,,2,,,,,
2023-01-14,,,,,,,,,1,,1,,,1,1,3,,2,,1,,,,
2023-01-15,,,,,,,,,,,,,2,3,,1,2,,2,1,,,,
2023-01-16,,,,,,,,,1,,1,,,,,,,1,,,2,,,
2023-01-17,,,,1,,,,,,,,,,,3,,1,2,3,,,,1,
2023-01-18,,,,,,,,,,,,,1,,,1,,1,1,1,,,2,
2023-01-19,,1,,,,,,,1,,,3,,1,2,,2,1,2,,1,,1,
2023-01-20,,,,,,,,,,,,,1,,1,,1,1,,,,2,1,1
2023-01-21,,,,,,,,,,,1,,1,,,1,1,2,,,,,,
2023-01-22,,,,,,,,,,,,,,,,,,1,2,,,,,
2023-01-23,,,1,,,,,,,3,,,2,,2,,3,2,3,,,,,
2023-01-24,,,,,,,,1,1,1,,,,1,1,1,3,2,,,,,,
2023-01-25,,,,,,,1,1,1,,2,,1,,1,1,1,2,4,,1,1,,
2023-01-26,,,,,,,,2,,1,,,,1,1,,1,,1,,,,,
2023-01-27,,1,,,,,,1,1,,,1,,,2,,1,1,1,2,,,,
2023-01-28,,,,,,,,2,1,,,,1,,1,2,1,1,,,,,,
2023-01-29,,,,,,,,,,,,,,,2,1,,,2,,,,,
2023-01-30,,,,,,,,1,,,,,,1,1,1,1,,1,1,,,1,
2023-01-31,,1,,,,,,1,1,,,,2,,1,2,1,3,1,2,,,1,
2023-02-01,,,,,,,1,,,,,1,1,1,,,3,,,,,,2,
2023-02-02,,,,,,,,2,,,,1,,2,1,1,2,,3,1,,1,1,
2023-02-03,,,,,,,,2,2,,1,,,1,,,1,1,1,1,,3,1,
2023-02-04,,,,,,,,,,,1,,1,1,,,1,,,2,1,,,
2023-02-05,,,,,,,,,,,1,,,,,1,,,,,1,,,
2023-02-06,,,,,,,,,,1,,2,2,1,5,,1,1,1,,,,,
2023-02-07,,,,,,,1,2,,,,1,1,2,1,,3,2,3,1,,,,
2023-02-08,,1,,,,,,2,2,1,,,,2,3,,2,3,1,,,1,1,
2023-02-09,,,,,,,,2,3,1,,,,,1,2,1,1,3,1,1,,,
2023-02-10,,,,,,,,1,,,,1,1,,,2,,1,3,,,,1,
2023-02-11,,,,,,,,1,,2,1,,2,4,4,4,1,1,1,,14,,,
2023-02-12,,,,,,,,,,2,,1,2,1,1,2,,2,1,,,,1,
2023-02-13,,,,,,,,,1,,,1,1,1,2,,1,1,3,,,2,1,
2023-02-14,,,,,4,,,,1,,,3,,3,,1,1,,4,1,,,1,
2023-02-15,,,,,,,1,1,,1,,,,1,2,2,2,2,,1,,,1,
2023-02-16,,,,,,,1,1,,,,1,,2,2,3,2,3,4,,,,1,
2023-02-17,,,,,,,,1,,,,,,,,1,2,1,,1,1,,1,
2023-02-18,,,,,,,,,,,,,,3,1,1,,1,,,2,,,
2023-02-19,,,,,,,,,,,1,4,1,,1,4,1,,,,,,,
2023-02-20,,,,,,,1,,,,,2,,3,1,,2,1,,,1,,,
2023-02-21,,,,,,,2,1,4,,,,,2,2,2,3,1,2,,,1,,
2023-02-22,,,,,,,1,1,1,1,1,,,1,1,2,2,1,1,1,1,,,
2023-02-23,,,,,,,,1,1,1,,,,1,1,,4,,3,2,1,,,
2023-02-24,,,,,,,,1,,,,1,,1,,2,4,,2,1,,,,
2023-02-25,,,,,,,,,,,,,1,1,1,2,3,3,2,2,,,,
2023-02-26,,,,,,,,,,,,,1,1,4,1,1,,,1,,,,
2023-02-27,,,,,,,1,,,1,,,,1,,,2,2,,,1,,1,
2023-02-28,,,,,,,,,2,1,2,,3,2,1,1,1,1,,1,,1,,
2023-03-01,,,,,,,,,2,,,,,,,1,1,,3,1,,,,
2023-03-02,,,,,,,1,1,,,,1,,3,1,1,4,1,4,,,,,
2023-03-03,,,,,,,1,,1,,,,,1,2,2,2,,1,,,,,
2023-03-04,,,,,,,,,1,1,1,,,3,1,1,2,1,2,,,,,
2023-03-05,,,,,,,,,,,,1,,,1,1,,1,1,,2,,,
2023-03-06,,,,,,,2,1,2,,2,1,,2,,3,2,1,3,,,,,
2023-03-07,,,,1,,,1,,,6,1,1,,1,,2,1,,,,,,,
2023-03-08,,,,,,,1,,2,,,1,1,1,,,,3,1,,,,,
2023-03-09,,,,,,,1,,,,,,,,,,2,,1,1,,,,
2023-03-10,,,,,,,,,,,,,,,,,,,,,,,,
2023-03-11,,,,,,,,,1,,,2,1,,1,,1,,,,,,,
2023-03-12,,,,,,,,,,,,4,2,1,1,,1,1,,,,,,
2023-03-13,,,,,,,1,,,1,,,1,1,,,,1,1,1,,1,,
2023-03-14,,,,,1,,1,1,,1,,1,,1,,,3,3,3,,,,,
2023-03-15,,,,,,,,,,1,,,1,1,,,1,,,,,1,,
2023-03-16,,,,,,,1,1,,,,1,,,,1,2,,1,,,,,
2023-03-17,,1,,,,,1,1,1,,,,2,,,1,,1,,1,,1,1,
2023-03-18,,,1,1,,,,,,1,1,,1,1,1,2,1,3,,3,,,,
2023-03-19,,,1,,,,,,,1,,2,1,,2,1,,1,1,,,,,
2023-03-20,,1,,,,,1,,1,,,,1,1,1,1,2,1,3,,,,,1
2023-03-21,,,1,,,,,1,,1,1,,,,1,,,2,3,1,,,,
2023-03-22,,1,,,,,,1,2,2,1,,,,,1,2,3,4,,2,,,
2023-03-23,,,,,,,,1,2,,,,,,,2,1,3,,,,1,,
2023-03-24,,,1,,,,,1,1,,,,1,,,,,1,2,,,,,
2023-03-25,,,,,,,,,,,,2,1,1,1,2,1,2,,,,,,
2023-03-26,,,,1,,,,,,,,2,1,,2,3,1,1,2,,,1,,1
2023-03-27,,2,,,,,1,,1,,,,,,,4,3,1,1,,1,,,
2023-03-28,,1,,,,,2,1,3,,,,,,,1,,2,,1,1,,,
2023-03-29,,1,,,,,1,1,,2,,1,,,1,2,,4,,1,,2,,
2023-03-30,,,1,,,,1,1,,1,,,2,1,,,2,3,3,1,,1,1,
2023-03-31,,,,,,,1,,1,,,1,,1,1,1,2,1,1,,2,,,
2023-04-01,,,,,,,,,,,1,,,,3,2,4,4,2,1,,,,
2023-04-02,,,,,,,,,,,,1,3,1,2,3,1,4,4,,,,,
2023-04-03,,,,,,,1,,1,,,,,2,6,1,4,,5,4,1,2,,
2023-04-04,,,,,,,1,1,,,1,1,,1,1,,1,3,4,1,2,,,
2023-04-05,,,,,,1,1,1,,,,1,,1,1,,1,,3,,2,,,
2023-04-06,,,,,,,,2,,1,,,,,1,2,2,3,2,3,,1,,
2023-04-07,,,,,,,,2,1,,2,1,1,3,,1,1,4,,1,2,,1,
2023-04-08,,,,,,,,,1,1,1,2,,4,2,3,1,3,1,3,1,3,1,
2023-04-09,,1,,,,,,,,,,1,,2,,4,2,,4,,1,,,
2023-04-10,,,,,,,,,1,,,1,1,,1,4,1,1,5,,1,,,
2023-04-11,,,,,,,1,1,1,,,,,2,3,2,1,2,1,,,,,1
2023-04-12,1,,,,,,,1,1,,,,1,2,1,,1,1,1,,,1,,
2023-04-13,,,,,,2,,1,,,,,1,2,2,1,1,1,4,,1,2,,
2023-04-14,,,,,,,1,1,1,,,1,1,,,,1,1,,,,,,
2023-04-15,,,,,,,,,,,1,2,1,,1,1,2,4,1,1,,,,1
2023-04-16,,,,,,,,,,1,1,1,2,4,3,3,4,,1,3,2,1,1,
2023-04-17,1,,,,,,,,,,,,,1,6,,3,7,3,3,1,,,
2023-04-18,,,,,,,,1,,2,,,,2,2,2,2,3,2,,1,,,
2023-04-19,,,,1,2,,,1,2,,,,1,2,,3,2,6,1,,2,2,,
2023-04-20,2,,,,,,,2,,2,,,3,3,1,1,4,2,2,2,,2,1,
2023-04-21,,,,,,,,1,,,,1,,,,1,1,1,3,,,1,,
2023-04-22,,1,1,,,,,,,,,,2,,,2,,,,1,2,,1,
2023-04-23,,,,,,,,,1,,3,1,,1,2,,1,,1,2,1,1,,
2023-04-24,1,,,,,,,1,,,,1,1,2,,,1,4,2,1,2,,,
2023-04-25,,,,,,,,2,,3,,,1,2,2,1,2,2,2,2,,,,
2023-04-26,,,,,,,,1,1,,,,1,,1,,4,1,1,3,,,,
2023-04-27,,,,,,,,2,,1,,2,1,1,1,,1,3,1,2,1,,,
2023-04-28,,,,,,,1,1,,,,1,,1,1,2,,,2,2,,2,,
2023-04-29,,,,,,,,1,1,,,,,,3,3,1,2,,3,1,,,
2023-04-30,,,,,,,1,,1,,,1,,,3,,,1,,,1,,,
2023-05-01,,,,,,,,,3,,,1,3,3,1,2,,1,3,1,1,2,,
2023-05-02,,,,,2,,1,,2,,,,1,2,,,2,2,,3,,,,
2023-05-03,,,,,,,,,3,,,3,3,3,1,1,1,3,2,1,,1,,
2023-05-04,,,,,,,,,,1,,1,,,,1,,,2,2,1,,1,
2023-05-05,,,,,,,1,,2,,,,,,,1,3,1,1,1,,1,2,
2023-05-06,,,,,,,,,,,,,1,2,1,1,,,,1,1,,,
2023-05-07,,1,,,,,,,,,1,3,2,2,4,1,3,1,2,1,2,,1,
2023-05-08,,,,,,,,,1,,,,,2,2,,1,4,,,,,,
2023-05-09,,,,,,,,,,,1,,2,,,1,2,7,1,1,2,1,1,
2023-05-10,,,,,,,,,1,1,1,,,2,,1,1,5,4,3,,1,,
2023-05-11,,,,,,,,,,1,,,,,1,,1,3,1,5,3,,1,
2023-05-12,,,,,1,,,,1,,,2,,3,1,2,4,,2,,1,1,,
2023-05-13,,,,,,,,,,1,,1,2,3,1,1,3,2,2,3,2,,,
2023-05-14,,1,,,,,,,2,1,2,2,4,2,3,2,3,2,,1,,,,
2023-05-15,3,,,,,,,,2,,1,,1,,2,1,6,1,4,,,1,,
2023-05-16,,,,,,,,1,1,,,3,2,1,2,1,3,,2,1,,,,
2023-05-17,,,,,,,,1,,1,1,,,1,2,,4,4,3,,4,,,
2023-05-18,,,,,,,,2,,1,,,,,2,2,3,3,4,,2,1,1,
2023-05-19,,,,1,,,,,,,,2,,1,3,1,4,3,2,1,1,,1,1
2023-05-20,,,,,,,,2,1,,1,1,2,,4,2,2,,3,1,5,,,1
2023-05-21,,,,,,,,,,2,2,3,4,3,8,3,,1,3,5,1,1,,
2023-05-22,,,,,,,,,3,2,2,4,,,1,1,3,1,2,,3,,,
2023-05-23,,,,,,,,1,1,,,2,1,1,1,2,8,2,3,2,1,1,1,1
2023-05-24,,,,,,,,,,,,2,2,1,3,2,5,4,6,2,,3,1,
2023-05-25,,,,,,,,,,,1,1,,1,2,1,4,3,2,1,2,1,1,
2023-05-26,,,,,,,,,2,,1,3,1,1,1,3,13,2,3,2,1,2,2,
2023-05-27,,,,,,,,1,1,1,1,4,5,2,3,3,1,4,1,1,,,,1
2023-05-28,,,1,,,,,,1,,1,1,3,,2,3,2,1,,,2,1,,
2023-05-29,,,,,,,,1,1,1,,,1,3,1,3,4,2,,8,3,2,1,
2023-05-30,1,,,,,,2,2,1,,,,1,2,3,1,4,1,3,2,,1,1,
2023-05-31,,,,,,,,,3,,1,,1,4,3,5,2,1,2,2,3,1,,
2023-06-01,,,,,,,,1,,,,2,,5,4,,,4,2,1,,,1,
2023-06-02,,,,,,,1,1,,,,3,1,,1,4,4,3,6,3,,1,,
2023-06-03,,,,,,,2,,,,,,3,1,2,3,,2,1,3,4,1,1,
2023-06-04,,,,,1,,,,,,1,2,,2,4,,2,2,,1,1,,,
2023-06-05,,,,,,,,,1,,2,1,,1,2,,2,5,3,3,4,1,2,1
2023-06-06,,,,,,,,1,,,,,4,,,2,2,4,3,1,2,1,2,
2023-06-07,,,,,,,,1,,,,,2,1,,1,3,2,4,2,,,2,1
2023-06-08,,,,,,,,,1,,,,,1,2,2,2,4,5,1,3,,2,1
2023-06-09,,,,,,,1,1,,,1,,2,,1,4,2,3,1,2,1,1,2,
2023-06-10,,,,,,,,,,3,2,,4,7,1,5,2,2,,1,,4,2,1
2023-06-11,1,,,,,,,,1,,1,1,1,,3,1,,10,1,1,1,,,
2023-06-12,,,,,,,,,,,,1,1,3,3,3,2,4,2,4,6,3,,
2023-06-13,,,,,,,,1,,,1,,2,,2,2,4,7,2,2,3,1,2,
2023-06-14,,,,,,1,,1,1,1,2,1,3,,1,1,3,1,3,4,,,,
2023-06-15,,,,1,,,,1,1,,,1,,,2,1,2,5,3,2,1,,1,
2023-06-16,1,,,,,,,,,,1,,1,1,3,,2,1,3,2,1,1,,
2023-06-17,,,,,,,,1,,1,,,1,,3,3,2,4,6,,,4,,1
2023-06-18,,,,,,,,,,1,2,2,3,6,2,1,2,3,1,,,1,,
2023-06-19,,,,,,,,1,,,1,1,1,1,1,1,2,,2,2,,1,1,
2023-06-20,,,,,,,,1,1,1,1,,,1,1,1,3,4,4,2,3,2,,
2023-06-21,1,1,,,,,1,2,,,,1,1,,2,2,1,4,3,3,1,2,1,
2023-06-22,,,,,,,1,1,1,2,,1,2,,3,2,3,3,4,5,1,2,1,1
2023-06-23,,,,,,,1,,1,1,1,1,,1,2,,2,1,3,1,2,1,3,
2023-06-24,,,,,,,,1,,1,1,2,3,1,3,3,4,6,1,1,2,7,2,1
2023-06-25,,,,,,,,,,2,5,2,4,2,1,3,5,5,2,4,,1,,
2023-06-26,,,,,,,1,,,,,,1,4,3,2,,5,4,3,,2,3,
2023-06-27,,,,,,,,2,1,,3,,1,1,2,3,1,8,6,3,3,5,5,2
2023-06-28,,,,,,,,1,2,,,,3,2,3,1,1,,,1,1,4,1,
2023-06-29,,,,,,,,1,2,,1,,2,2,5,2,3,2,1,2,4,,,
2023-06-30,,,,,,,,,,,4,,2,,1,2,2,2,2,,,,1,1
2023-07-01,,,,,,,,,,,2,1,1,2,1,2,2,2,3,2,2,2,1,
2023-07-02,,,1,,,,,,,1,2,3,2,3,,2,1,,2,1,3,,1,
2023-07-03,,,,,,,,3,3,,,,2,2,1,,,,6,2,,1,3,
2023-07-04,,,,,2,,1,2,,,,,3,,,,1,2,4,2,2,,1,1
2023-07-05,,,,,,,1,3,1,,1,,2,2,,3,,4,5,1,2,4,2,
2023-07-06,,,,,,1,,1,1,,,2,1,2,4,2,3,6,,2,5,1,2,
2023-07-07,,,,1,,,,,,,2,1,1,1,1,,6,2,5,3,1,1,2,
2023-07-08,1,,,,,,,,,1,,,1,2,,2,1,,2,,1,,1,
2023-07-09,,,,,,,,,,2,1,2,2,1,3,2,2,2,,2,,1,,
2023-07-10,,,,,1,,,1,2,,2,1,,1,1,,,3,1,2,3,,2,1
2023-07-11,,,,,1,,,1,,,,1,,,1,1,2,3,2,2,2,1,1,
2023-07-12,,,,,,1,,1,2,,,2,1,2,2,,2,3,,,,1,1,
2023-07-13,,,,,,1,,1,1,,1,1,3,,2,2,4,5,4,,2,1,,
2023-07-14,,,,,,,1,,1,,2,,1,1,1,,,,1,,3,2,1,
2023-07-15,,,,,,,,,,,,,,3,1,2,1,1,1,2,1,,,
2023-07-16,,,,,,,,,,,2,1,7,,2,2,4,,4,2,,1,,1
2023-07-17,,,,,,,1,1,1,,,,,1,1,3,1,3,3,2,,1,1,1
2023-07-18,,,,,,1,1,1,,,1,1,,1,1,1,,2,2,3,2,,1,
2023-07-19,,,,,,,,1,,,,2,1,3,,1,4,2,1,2,2,1,1,
2023-07-20,,,,1,,,,2,2,1,,2,3,3,,1,3,3,3,5,1,1,2,
2023-07-21,,,,,,,2,1,,1,1,,2,,,3,2,,3,1,1,3,1,
2023-07-22,,1,,,,,,,,,,1,2,1,1,1,1,,,,1,,,
2023-07-23,1,,1,,,,,,,1,,2,1,,,2,,1,,1,,,,
2023-07-24,,,,,,,,1,,,2,1,4,,2,3,1,5,5,,,,1,
2023-07-25,1,,,,,,1,,,,,1,1,1,2,1,3,1,3,4,2,2,,1
2023-07-26,,,,,,1,1,1,1,,,3,1,1,1,2,2,5,1,1,2,,1,
2023-07-27,,,,,,2,,,1,1,,1,,,3,1,1,4,2,3,3,2,2,
2023-07-28,,1,,,,,,,1,,,,2,1,1,1,2,1,,3,1,,1,
2023-07-29,,,,,,,,,,1,2,1,1,3,2,2,,,2,1,2,2,,
2023-07-30,,,,,,,,,,,,3,,3,2,2,4,4,1,,2,,,
2023-07-31,,,,,,,,,,,2,,1,,3,1,2,,2,,1,,2,
2023-08-01,,,,,,,,,2,,2,,1,1,2,,2,5,3,2,2,,1,
2023-08-02,,,,,,,,1,,,,1,,1,,1,2,,2,1,,1,1,
2023-08-03,,,,,,,,,,,,,3,1,,2,1,2,2,4,,,,
2023-08-04,1,,,,,,,,,,,,1,1,1,1,3,2,2,6,2,2,2,
2023-08-05,,,,,,,,,,,1,,2,1,,2,3,,2,,,,,1
2023-08-06,,,,,,,,,,3,2,1,,4,1,,6,1,1,1,1,2,,
2023-08-07,,,,,,,,1,1,,,,1,,2,1,2,2,,2,1,,1,
2023-08-08,,,,,,,1,1,,,,,,,,5,1,5,7,3,5,,1,
2023-08-09,,,,,,,,,1,,,,3,2,,1,3,4,1,2,4,,2,
2023-08-10,,,,,,,,1,,,2,,1,2,2,3,1,4,2,2,1,1,2,
2023-08-11,,1,,,,,,1,,,,,1,,3,,1,,3,2,1,2,,
2023-08-12,,1,,,,,,,,1,,2,1,,,1,1,2,3,,2,1,,
2023-08-13,,,,,,,,,,3,,,,1,,1,3,1,,5,,,,
2023-08-14,,,,,1,,,,2,,,,2,1,1,2,2,2,,3,,1,1,
2023-08-15,,,,,,,,1,,,,,3,1,4,2,5,2,6,4,1,,3,
2023-08-16,,,,,,,1,2,1,,1,3,2,1,1,,1,4,4,,2,3,1,
2023-08-17,,,,,,,3,1,,,3,,4,3,,1,3,7,4,2,2,2,1,1
2023-08-18,,,,,,,1,1,,,,,2,1,1,1,1,2,3,,2,1,1,
2023-08-19,,,,,,,,,1,1,,,1,,2,4,,2,1,1,,1,,1
2023-08-20,,,,,,1,,,,,,2,4,4,3,1,2,2,,1,1,2,,
2023-08-21,,,,,,,,,1,2,,,1,1,4,1,2,3,3,1,1,,,
2023-08-22,,,,,,1,,1,1,,1,1,3,2,5,4,1,7,4,3,3,2,4,
2023-08-23,1,,,,,,,2,1,,,,,6,4,3,3,6,3,,3,,1,
2023-08-24,,,,,,,1,2,,,,3,1,,4,,,5,3,2,,4,1,
2023-08-25,2,,,,,,,1,,,,1,,1,2,1,,2,2,4,1,3,1,1
2023-08-26,,,,,,,1,,,1,,1,,1,,4,5,4,2,2,,2,1,
2023-08-27,,,,,,,1,,2,3,2,2,2,,1,2,2,1,4,1,1,,,
2023-08-28,1,,,,,,1,,2,,,2,1,1,,3,4,4,3,1,5,1,,
2023-08-29,,,,,,,1,1,,,,,1,2,,1,6,1,7,5,1,1,1,1
2023-08-30,,,,,,,1,,2,1,1,1,,4,3,1,6,5,3,2,2,3,1,
2023-08-31,,,,,,,,2,,,,4,3,4,,2,,,6,1,,1,,
2023-09-01,,,,,,,,2,1,,,1,,1,4,2,4,,3,1,3,1,,
2023-09-02,,,,,,,,,1,1,,,2,2,2,6,2,,,7,2,1,,
2023-09-03,,,,,,,,,1,,3,1,4,1,4,1,2,,1,6,2,,,1
2023-09-04,,,,,,,1,,1,,1,1,1,1,6,1,1,7,3,4,1,2,,
2023-09-05,,,,,,,1,1,1,,,1,2,,1,1,3,3,3,3,1,1,,
2023-09-06,,1,,,,,1,1,2,2,1,,1,1,1,1,3,3,7,1,3,,1,1
2023-09-07,,,,,,1,2,1,,,1,3,2,2,3,1,2,6,2,2,1,2,1,
2023-09-08,,,,,,,,1,,1,,3,2,3,3,6,3,,3,2,1,1,2,
2023-09-09,,,,,,,,1,1,,2,3,1,1,2,3,2,2,,3,4,,4,1
2023-09-10,1,,,,,,,,1,,,3,2,2,2,4,4,2,2,2,,,1,
2023-09-11,,,,,,,1,,2,,1,1,1,1,2,3,3,2,4,1,1,1,1,1
2023-09-12,1,,,,,1,,,1,,,,,1,1,1,1,2,1,2,1,,1,1
2023-09-13,,,,,,,1,1,,1,,,1,2,1,2,,4,2,2,,3,1,
2023-09-14,,,,,,1,,1,,1,,,,1,1,,2,3,2,2,1,,1,
2023-09-15,,,,,,,,,,1,,,3,1,,3,1,1,5,2,,,1,
2023-09-16,,1,,,,,,,,3,4,,1,2,2,,1,,3,3,1,,1,
2023-09-17,,,,,,,,,1,,1,1,1,,1,2,2,2,2,2,,2,,
2023-09-18,,,,,,,1,1,1,,1,2,,,2,1,2,5,2,,1,,,
2023-09-19,,,,,,,1,,,,,,,1,1,2,1,2,3,,,,1,
2023-09-20,,,,,,1,1,,,1,,,2,2,1,1,1,7,1,2,3,,,
2023-09-21,,,,,,1,1,,3,,1,2,1,,1,3,4,9,5,,,1,,
2023-09-22,,,1,,,1,,1,,1,,,1,3,1,3,2,,1,2,1,1,1,
2023-09-23,,,,,,,1,,,1,1,,3,4,5,,1,2,1,,1,,,
2023-09-24,,,,,,,,2,1,2,,2,1,2,2,1,1,3,3,,2,,,1
2023-09-25,,,,,,,2,1,1,,,,1,2,,2,1,4,2,1,2,,1,1
2023-09-26,,,,,,1,1,2,1,,1,,1,2,1,1,,5,2,1,3,1,1,
2023-09-27,,,,,,,,1,2,,,,1,1,,,,2,1,1,,1,1,
2023-09-28,,,,,,,1,1,,,,1,3,2,,3,,5,2,,5,,2,
2023-09-29,,,,,,,,,1,,,,3,2,,1,2,3,7,3,1,2,,
2023-09-30,,,,,,,,,1,1,,2,1,1,1,1,,1,,1,,,,
2023-10-01,,,,,,,,1,,,1,3,2,1,2,4,,2,1,1,,,,1
2023-10-02,,,,,,1,,1,1,,,,2,1,3,2,1,3,2,1,,1,,
2023-10-03,,,,,,,1,1,,,,,2,1,1,1,3,2,2,1,,2,,1
2023-10-04,,,,,,1,,2,2,,,1,1,1,1,2,,5,4,1,,,1,
2023-10-05,,,,,,,,,,,,,2,2,3,,,3,3,1,3,2,,
2023-10-06,,,,,,,,,,,,,,,1,,2,3,1,1,,,,
2023-10-07,,,,,,,,,,1,3,1,2,,1,1,,2,1,1,1,1,,2
2023-10-08,,,,,,,,,,1,1,4,1,1,4,4,2,3,1,1,,3,,
2023-10-09,,,,,,,1,1,3,,1,,,2,,3,3,9,2,2,1,1,2,
2023-10-10,,,,,,,1,1,1,1,1,,,5,3,1,,7,5,2,,1,2,
2023-10-11,,,,,,,1,,,1,,2,2,,,,1,3,2,3,,1,2,
2023-10-12,,,,,,,,,,,1,2,,1,1,3,2,4,2,2,1,,1,
2023-10-13,,,,,,,,,,,,1,1,,1,1,2,3,2,2,,2,1,
2023-10-14,,1,,,,,,,,1,4,2,3,1,1,,,1,2,1,,,,
2023-10-15,1,,,,,,,,,,,1,1,3,5,,,2,,2,1,,,
2023-10-16,,,,,,,,,2,1,,3,1,1,4,,2,1,4,2,1,,,
2023-10-17,,,,,,,1,,,,,3,1,2,3,1,1,6,1,3,,1,1,
2023-10-18,1,,,,1,,1,,,,,,2,,2,2,1,2,4,1,,,,1
2023-10-19,,,,,,,1,1,1,,,,2,,2,1,1,6,2,,,,,
2023-10-20,,,,,,,,,,1,,,,1,1,1,,2,,,,,,
2023-10-21,,,,,,,1,,,,,,3,,2,,2,1,2,1,1,,,
2023-10-22,,,,,,,,,,,,1,2,1,2,2,2,1,,,,,,
2023-10-23,,,,,,,,,1,,,1,1,1,1,1,4,5,3,,1,,1,
2023-10-24,,,,,,,,1,,1,,,1,3,3,,2,5,1,1,,,1,
2023-10-25,,,,,,,,,,,,1,3,4,,1,5,1,2,1,1,1,1,
2023-10-26,,,,,,1,,,1,,,,,,1,1,1,2,,,,,,1
2023-10-27,,,,,,,,1,,,,,1,,1,,1,2,1,1,,,1,
2023-10-28,,,,,,,,,,,1,1,2,,2,2,3,2,2,,,,,
2023-10-29,,,,,,,,,,,1,2,4,4,,1,,,,,,,,
2023-10-30,,,,,,,1,,1,,,,1,1,1,1,1,1,1,1,2,1,,
2023-10-31,,,,,,,,,1,1,,,,1,1,2,1,1,1,,,,1,
2023-11-01,,1,,,,,1,,,,3,1,2,2,2,2,,,,2,1,,,
2023-11-02,,,,,,1,1,,,,,,,,3,1,,2,1,,,1,,
2023-11-03,,,,,,,,1,1,,,,2,2,2,1,2,5,2,1,,2,1,
2023-11-04,,,,,,,,,,,1,,1,,1,,1,,2,,,2,,
2023-11-05,,,,,,1,,,,,,1,1,4,,2,1,1,,2,,,,
2023-11-06,,,1,,,,1,,,,,,,,,1,,1,2,1,,,2,
2023-11-07,,,,,,,1,,,,,,1,,,2,2,4,2,,,,2,1
2023-11-08,,,,,,,1,1,,,1,,,,4,2,2,3,1,,,,1,
2023-11-09,,,,,,,2,1,,,,,,2,1,2,1,2,1,,,,2,1
2023-11-10,,,,,,,1,1,,,,,,1,1,1,2,,3,1,1,,1,
2023-11-11,1,,,,,,,,,,,,2,,2,2,2,1,,1,,,,
2023-11-12,,,,,,,,,1,,,1,,1,,,,,1,,,1,,
2023-11-13,,,,,,,2,,,,,,1,,1,,,,,,,,,
2023-11-14,,,,,,,1,1,,,1,2,,1,1,,2,,3,,1,,,
2023-11-15,,,,,1,,1,1,,,,,1,2,2,1,2,2,,1,,,,1
2023-11-16,,,,,,,2,1,,1,,,,1,2,,1,2,3,2,,,1,
2023-11-17,,,,,,,1,,1,1,,3,1,2,2,2,1,5,3,,,,2,
2023-11-18,,,,,,,,,,,1,,1,,3,2,1,2,,,,1,,1
2023-11-19,,,,,,,,,,1,,2,,,,,,,,,,,,
2023-11-20,,,,,,,2,3,1,1,,,,,1,1,,1,5,,,1,3,1
2023-11-21,,,,,,,2,,,,,,1,3,,,2,2,3,,2,,1,1
2023-11-22,,,,,,,,1,,,,,,,1,1,3,1,2,,1,,1,1
2023-11-23,,,,,,,2,1,,,,,,1,1,,3,3,1,1,2,,1,
2023-11-24,,,,,,,1,,,,1,,1,1,1,2,1,1,3,,1,1,2,
2023-11-25,,,,,,,,,,,,,2,2,,3,,,,1,2,,,1
2023-11-26,,,,,,,,,,,,1,2,6,2,2,,1,,,,,,
2023-11-27,,,,,,,,,,,,,,,1,2,1,1,,,,,,
2023-11-28,,,,,,,,,,1,,1,3,,2,,3,2,2,,,,,
2023-11-29,,,,,,,,,,,,,,1,2,,2,2,1,1,,,1,
2023-11-30,,,,,,,,,,,,,2,1,1,1,1,1,1,,,,1,
2023-12-01,,,,,,,,,,,1,1,,,,2,1,,3,,1,,1,
2023-12-02,,,,,,,,,,,,,1,,1,,2,,1,,,,1,
2023-12-03,,,,,,,,,,,,1,2,1,,,,,,5,,,,
2023-12-04,,,,,,,,1,,,1,,,,,,1,,,1,,,1,
2023-12-05,,,,,,,,2,,,,,,1,,,,1,2,,1,,2,1
2023-12-06,,,,,,,,,,,,,3,2,1,1,,1,4,,,,2,
2023-12-07,,,,,,,,1,,,,,,,,,1,1,,,,,1,
2023-12-08,,,,,1,,,,,1,,,1,1,,,,,3,,,1,1,1
2023-12-09,,,,,,,,,,,,,1,,,,,,1,,1,,,
2023-12-10,,,,,,,,,,,,1,,1,,,1,,1,,1,,,
2023-12-11,,,,,,,,1,1,,,,2,,3,1,3,,3,,2,,1,
2023-12-12,,,,,,,,1,,,,1,,,2,,,1,1,,,1,,
2023-12-13,,,,,,,,,,,,,2,2,3,1,,2,3,,,,,1
2023-12-14,,1,,,,,,,,,,,,2,2,,1,3,3,,,,1,
2023-12-15,,,,,,,,1,2,,3,,,1,3,,1,1,1,,,,1,
2023-12-16,,,,,,,,,,,1,1,2,,,1,,1,1,,,,,
2023-12-17,,,,,,,,,,,,1,,1,,,,1,,,,,,
2023-12-18,,,,,,,,,1,,,,,,2,,,4,3,1,,,1,
2023-12-19,,,,,,1,,,,1,,,,1,,1,2,2,,1,,,2,
2023-12-20,,,,,,,1,2,1,,,1,,1,,3,1,2,2,1,1,,,
2023-12-21,,,,,,,,,,,,2,1,1,,,,,,,,,2,
2023-12-22,1,,,,,,,,,,,,,1,,3,1,,1,,,1,,
2023-12-23,,,1,,,,,,,,1,1,,1,2,1,2,,,,,,,
2023-12-24,,,,,,,,,,,,,1,,2,,,2,1,,,1,1,
2023-12-25,,,,,,,,,,1,,,,1,1,,2,,,,,,,
2023-12-26,,,,,,,,,,1,,,,,,1,4,,,1,2,1,,
2023-12-27,,,,,,,,,,,,,1,,,2,,,1,,,1,,
2023-12-28,,,,,,,,,,,,,,,,,1,,,,,,,
2023-12-29,,,,,,,,,,,,1,1,,,,,,,1,,1,,
2023-12-30,,,,,,,,,1,,,2,,,,2,,,1,,1,2,,
2023-12-31,,,,,,,,,,,1,3,2,,1,1,,,,,,1,,1
